[
6.403980302536027569e-02,
2.562168676228911979e-01,
5.767043046145753360e-01,
1.025791113594243242e+00,
1.603882907753044540e+00,
2.311502933616005784e+00,
3.149293390733308051e+00,
4.118017057871679931e+00,
5.218559233808544029e+00,
6.451930002472932912e+00,
7.819266833882291934e+00,
9.321837534130644087e+00,
1.096104355960846988e+01,
1.273842371268387907e+01,
1.465565823827823344e+01,
1.671457334313621246e+01,
1.891714616216988887e+01,
2.126551019903349271e+01,
2.376196127114463508e+01,
2.640896399267348471e+01,
2.920915883268991564e+01,
3.216536978965904581e+01,
3.528061272790205294e+01,
3.855810442652811076e+01,
4.200127239675687463e+01,
4.561376552956149055e+01,
4.939946564224275960e+01,
5.336250000000009663e+01,
5.750725489687543046e+01,
6.183839038976062596e+01,
6.636085628958367977e+01,
7.107990952550832731e+01,
7.600113301116144271e+01,
8.113045615676654165e+01,
8.647417718783397333e+01,
9.203898745006917181e+01,
9.783199790167751075e+01,
1.038607680187264748e+02,
1.101333373670774733e+02,
1.166582601261770975e+02,
1.234446428863416543e+02,
1.305021860827939975e+02,
1.378412294775363875e+02,
1.454728021551745769e+02,
1.534086775623253232e+02,
1.616614341937026893e+02,
1.702445226131815446e+02,
1.791723395971985440e+02,
1.884603103033740865e+02,
1.981249795023076388e+02,
2.081841130688914348e+02,
2.186568111158442775e+02,
2.295636343720368302e+02,
2.409267456685370519e+02,
2.527700687046040287e+02,
2.651194666346307258e+02,
2.780029434583697707e+02,
2.914508717270015268e+02,
3.054962507171775883e+02,
3.201750000000000114e+02,
3.355262942746680324e+02,
3.515929464890471081e+02,
3.684218476852111621e+02,
3.860644737561482316e+02,
4.045774714699523997e+02,
4.240233388271203125e+02,
4.444712182192292289e+02,
4.659978251577217065e+02,
4.886885408130046358e+02,
5.126387036146722949e+02,
5.379551442137998265e+02,
5.647580198845342920e+02,
5.931830198959418112e+02,
6.233840338487058261e+02,
6.555364023316691373e+02,
6.898409062153925788e+02,
7.265287013916706655e+02,
7.658674755730739889e+02,
8.081692015301860010e+02,
8.538000000000002956e+02,
9.031928257545262113e+02,
9.568639839829342009e+02,
1.015434922737270881e+03,
1.079661415594709069e+03,
1.150473290320450360e+03,
1.229029523495707508e+03,
1.316796255157528549e+03,
1.415659913274727387e+03,
1.528095785783253859e+03,
1.657427303680284922e+03,
1.808239989993348217e+03,
1.987072409981683904e+03,
2.203633648928306229e+03,
2.473098179603675817e+03,
2.820822531563500888e+03,
3.293228571428570831e+03,
3.987395861898516159e+03,
5.155059650012357451e+03,
]
