[
1.760000000000002231e-03,
2.200000000000002735e-03,
1.760000000000001581e-03,
2.120000000000002091e-03,
1.920000000000001783e-03,
8.000000000000000654e-05,
6.000000000000000830e-05,
1.000000000000000048e-04,
1.000000000000000048e-04,
2.200000000000000078e-04,
1.600000000000000131e-04,
1.800000000000000113e-04,
6.000000000000000830e-05,
2.200000000000000078e-04,
3.000000000000000279e-04,
2.400000000000000332e-04,
1.600000000000000131e-04,
1.000000000000000048e-04,
2.400000000000000061e-04,
4.800000000000000122e-04,
5.400000000000001153e-04,
6.000000000000002727e-04,
6.600000000000003217e-04,
9.000000000000007343e-04,
1.520000000000001385e-03,
1.720000000000001909e-03,
2.620000000000002535e-03,
2.980000000000002612e-03,
4.840000000000003154e-03,
6.320000000000005301e-03,
9.479999999999991905e-03,
1.317999999999997993e-02,
1.755999999999998534e-02,
2.639999999999999986e-02,
3.631999999999999118e-02,
4.745999999999999525e-02,
6.024000000000003657e-02,
7.368000000000002325e-02,
7.936000000000001386e-02,
8.394000000000005624e-02,
7.216000000000002967e-02,
5.288000000000001727e-02,
3.118000000000000285e-02,
1.621999999999999831e-02,
5.219999999999998079e-03,
1.180000000000000710e-03,
1.800000000000000113e-04,
0.000000000000000000e+00,
0.000000000000000000e+00,
0.000000000000000000e+00,
0.000000000000000000e+00,
0.000000000000000000e+00,
0.000000000000000000e+00,
0.000000000000000000e+00,
0.000000000000000000e+00,
0.000000000000000000e+00,
0.000000000000000000e+00,
0.000000000000000000e+00,
0.000000000000000000e+00,
0.000000000000000000e+00,
0.000000000000000000e+00,
0.000000000000000000e+00,
0.000000000000000000e+00,
0.000000000000000000e+00,
0.000000000000000000e+00,
0.000000000000000000e+00,
0.000000000000000000e+00,
0.000000000000000000e+00,
0.000000000000000000e+00,
0.000000000000000000e+00,
0.000000000000000000e+00,
0.000000000000000000e+00,
0.000000000000000000e+00,
0.000000000000000000e+00,
0.000000000000000000e+00,
0.000000000000000000e+00,
0.000000000000000000e+00,
0.000000000000000000e+00,
0.000000000000000000e+00,
0.000000000000000000e+00,
0.000000000000000000e+00,
0.000000000000000000e+00,
0.000000000000000000e+00,
0.000000000000000000e+00,
0.000000000000000000e+00,
0.000000000000000000e+00,
0.000000000000000000e+00,
0.000000000000000000e+00,
0.000000000000000000e+00,
0.000000000000000000e+00,
0.000000000000000000e+00,
0.000000000000000000e+00,
0.000000000000000000e+00,
0.000000000000000000e+00,
0.000000000000000000e+00,
0.000000000000000000e+00,
0.000000000000000000e+00,
0.000000000000000000e+00,
]
