2.050390810499323480e-01
2.155017686645008257e-01
2.262311268282850285e-01
2.372277767101750312e-01
2.484923558514947339e-01
2.600255182702554402e-01
2.718279345682286796e-01
2.839002920410375608e-01
2.962432947912214121e-01
3.088576638443457090e-01
3.217441372681221767e-01
3.349034702947628617e-01
3.483364354462908929e-01
3.620438226632027856e-01
3.760264394363126983e-01
3.902851109418224995e-01
4.048206801797719634e-01
4.196340081158506652e-01
4.347259738265540907e-01
4.500974746479445843e-01
4.657494263277301982e-01
4.816827631811293475e-01
4.978984382501516204e-01
5.143974234667106904e-01
5.311807098193518373e-01
5.482493075238832336e-01
5.656042461976953373e-01
5.832465750381375935e-01
6.011773630048523609e-01
6.193976990059785193e-01
6.379086920886828382e-01
6.567114716337133506e-01
6.758071875541993290e-01
6.951970104988449695e-01
7.148821320594052064e-01
7.348637649826446072e-01
7.551431433868873722e-01
7.757215229830852765e-01
7.966001813006402532e-01
8.177804179179972710e-01
8.392635546980642403e-01
8.610509360285749647e-01
8.831439290675662246e-01
9.055439239938635199e-01
9.282523342628871132e-01
9.512705968677113155e-01
9.746001726055982806e-01
9.982425463499821072e-01
1.022199227328119964e+00
1.046471749404479956e+00
1.071061671369932355e+00
1.095970577236915267e+00
1.121200076540652457e+00
1.146751804646581885e+00
1.172627423064046770e+00
1.198828619766457049e+00
1.225357109517993148e+00
1.252214634206989974e+00
1.279402963186150100e+00
1.306923893619737820e+00
1.334779250837826892e+00
1.362970888697871308e+00
1.391500689953569125e+00
1.420370566631396825e+00
1.449582460414736040e+00
1.479138343035963699e+00
1.509040216676491797e+00
1.539290114375096774e+00
1.569890100444507164e+00
1.600842270896696728e+00
1.632148753876786040e+00
1.663811710105930874e+00
1.695833333333336412e+00
1.728215850797569786e+00
1.760961523697401221e+00
1.794072647672381837e+00
1.827551553293378594e+00
1.861400606563241356e+00
1.895622209427905380e+00
1.930218800298135085e+00
1.965192854582070270e+00
2.000546885228949190e+00
2.072405118455931561e+00
2.108914539693961032e+00
2.145814375780156880e+00
2.183107335931778525e+00
2.220796170417474347e+00
2.258883671186217690e+00
2.297372672509615743e+00
2.336266051637950092e+00
2.375566729470097282e+00
2.415277671237815227e+00
2.455401887204719635e+00
2.495942433380168080e+00
2.536902412248646321e+00
2.578284973514795020e+00
2.620093314864597733e+00
2.662330682743104138e+00
2.705000373149082815e+00
2.748105732446976646e+00
2.791650158196665732e+00
2.835637100001457966e+00
2.880070060374726015e+00
2.924952595625685436e+00
3.016080890429358341e+00
3.062334039829547550e+00
3.109051545715839193e+00
3.156237247367988275e+00
3.203895043606326709e+00
3.252028893825841482e+00
3.300642819053773103e+00
3.349740903031166006e+00
3.399327293319154730e+00
3.449406202430526758e+00
3.499981908987314316e+00
3.551058758905069279e+00
3.602641166604481970e+00
3.654733616251187200e+00
3.707340663024445870e+00
3.760466934415493068e+00
3.814117131556299611e+00
3.868296030579762235e+00
3.923008484011950792e+00
3.978259422197455208e+00
4.034053854758692381e+00
4.090396872090088287e+00
4.147293646888199348e+00
4.204749435718669659e+00
4.262769580621149856e+00
4.321359510753149280e+00
4.380524744074125287e+00
4.440270889070658811e+00
4.500603646524181656e+00
4.561528811322363097e+00
4.623052274315300636e+00
4.685180024218084327e+00
4.747918149560833356e+00
4.811272840687744967e+00
4.875250391806543959e+00
4.939857203089863980e+00
5.005099782830082944e+00
5.070984749649126933e+00
5.137518834765127274e+00
5.204708884317366113e+00
5.272561861751448475e+00
5.341084850266515360e+00
5.410285055326375492e+00
5.480169807236483948e+00
5.550746563788878873e+00
5.622022912977134190e+00
5.694006575783539859e+00
5.766705409040756791e+00
5.840127408370325846e+00
5.914280711200368579e+00
5.989173599865170949e+00
6.064814504789121763e+00
6.141212007757737901e+00
6.218374845278665575e+00
6.296311912035543301e+00
6.375032264437671792e+00
6.454545124268850742e+00
6.534859882438283307e+00
6.615986102837418059e+00
6.697933526305793528e+00
6.780712074709869697e+00
6.864331855138442684e+00
6.948803164218678496e+00
7.034136492556876341e+00
7.120342529308198110e+00
7.207432166879747193e+00
7.295416505771764371e+00
7.384306859561528213e+00
7.474114760035113214e+00
7.564851962472125102e+00
7.656530451088824130e+00
7.749162444645235404e+00
7.842760402222176630e+00
7.937337029174195813e+00
8.032905283264922147e+00
8.129478380991217890e+00
8.227069804103262385e+00
8.325693306327650589e+00
8.425362920300983660e+00
8.526092964721753376e+00
8.627898051728847051e+00
8.730793094514908148e+00
8.834793315183611995e+00
8.939914252860106103e+00
9.046171772064264260e+00
9.153582071356829886e+00
9.262161692269041069e+00
9.371927528526773798e+00
9.482896835580703510e+00
9.595087240454560629e+00
9.708516751924047838e+00
9.823203771039704435e+00
9.939167102007269605e+00
1.005642596344031858e+01
1.017500000000000071e+01
1.029490929443779912e+01
1.041617438005797069e+01
1.053881625361681529e+01
1.066285638867727670e+01
1.078831674943765861e+01
1.091521980505463674e+01
1.104358854448150851e+01
1.117344649184369310e+01
1.130481772237463645e+01
1.143772687893637041e+01
1.157219918915011903e+01
1.170826048316396850e+01
1.184593721208550221e+01
1.198525646710916703e+01
1.212624599936938807e+01
1.226893424055222326e+01
1.241335032429999075e+01
1.255952410844523648e+01
1.270748619811203817e+01
1.285726796972519814e+01
1.300890159596938567e+01
1.316242007174332329e+01
1.331785724115586866e+01
1.347524782561395895e+01
1.363462745305490031e+01
1.379603268837836616e+01
1.395950106513687849e+01
1.412507111854660025e+01
1.429278241988373921e+01
1.446267561233615240e+01
1.463479244838305071e+01
1.480917582878056749e+01
1.498586984323516980e+01
1.516491981285203217e+01
1.534637233445044124e+01
1.553027532684414069e+01
1.571667807919026494e+01
1.590563130151698523e+01
1.609718717754688910e+01
1.629139941993999940e+01
1.648832332808900247e+01
1.668801584860651133e+01
1.689053563865420671e+01
1.709594313227270845e+01
1.730430060988159369e+01
1.751567227113024572e+01
1.773012431129182431e+01
1.794772500140591021e+01
1.816854477238902277e+01
1.839265630334709201e+01
1.862013461434023398e+01
1.885105716386728503e+01
1.908550395135679167e+01
1.932355762497030938e+01
1.956530359504730399e+01
1.981083015354284882e+01
2.006022859983655238e+01
2.031359337331732107e+01
2.057102219318015557e+01
2.083261620590218755e+01
2.109848014090209034e+01
2.136872247492425103e+01
2.164345560573144667e+01
2.192279603573551938e+01
2.220686456624431315e+01
2.249578650305810257e+01
2.278969187420710085e+01
2.308871566068633996e+01
2.339299804111438874e+01
2.370268465131978175e+01
2.401792685994307774e+01
2.433888206123534914e+01
2.466571398633486822e+01
2.499859303441622416e+01
2.533769662522771426e+01
2.568320957466898946e+01
2.603532449520893621e+01
2.639424222310863044e+01
2.676017227459512071e+01
2.713333333333334707e+01
2.751395377176450907e+01
2.790227220912681005e+01
2.829853810924691615e+01
2.870301242149544407e+01
2.911596826863720011e+01
2.953769168568492631e+01
2.996848241428524773e+01
3.040865475763677850e+01
3.085853850146641975e+01
3.131847990718006969e+01
3.178884278396757068e+01
3.227000964738574140e+01
3.276238297278460720e+01
3.326638655288758173e+01
3.378246696990909470e+01
3.431109519380390083e+01
3.485276831961961364e+01
3.540801145848607234e+01
3.597737979855757118e+01
3.656146085425340431e+01
3.716087692446888724e+01
3.777628778308861968e+01
3.840839362819519209e+01
3.905793831988388121e+01
3.972571294065986791e+01
4.041255971709070849e+01
4.111937634683888376e+01
4.184712078153463466e+01
4.259681652333774338e+01
4.336955850167565529e+01
4.416651960677496902e+01
4.498895796851831363e+01
4.583822508321863154e+01
4.671577490754811635e+01
4.762317405862982866e+01
4.856211328287533036e+01
4.953442038435611039e+01
5.054207483738372986e+01
5.158722434884164443e+01