0.000000000000000000e+00
6.000000000000000830e-05
6.000000000000000830e-05
2.000000000000000164e-05
6.000000000000000830e-05
2.000000000000000164e-05
8.000000000000000654e-05
8.000000000000000654e-05
6.000000000000000830e-05
1.200000000000000030e-04
6.000000000000000830e-05
0.000000000000000000e+00
6.000000000000000830e-05
4.000000000000000327e-05
6.000000000000000830e-05
4.000000000000000327e-05
1.000000000000000048e-04
6.000000000000000830e-05
1.200000000000000030e-04
6.000000000000000830e-05
8.000000000000000654e-05
6.000000000000000830e-05
1.000000000000000048e-04
2.000000000000000164e-05
8.000000000000000654e-05
1.000000000000000048e-04
4.000000000000000327e-05
6.000000000000000830e-05
4.000000000000000327e-05
1.800000000000000113e-04
6.000000000000000830e-05
6.000000000000000830e-05
2.400000000000000061e-04
1.000000000000000048e-04
8.000000000000000654e-05
1.000000000000000048e-04
1.600000000000000131e-04
1.600000000000000131e-04
8.000000000000000654e-05
1.000000000000000048e-04
1.000000000000000183e-04
8.000000000000000654e-05
8.000000000000000654e-05
8.000000000000000654e-05
2.000000000000000164e-05
6.000000000000000830e-05
8.000000000000000654e-05
1.000000000000000048e-04
4.000000000000000327e-05
0.000000000000000000e+00
8.000000000000000654e-05
2.000000000000000096e-04
4.000000000000000327e-05
4.000000000000000327e-05
1.000000000000000048e-04
8.000000000000000654e-05
2.000000000000000164e-05
1.200000000000000030e-04
1.200000000000000030e-04
8.000000000000000654e-05
1.000000000000000048e-04
8.000000000000000654e-05
1.000000000000000048e-04
4.000000000000000327e-05
1.000000000000000048e-04
8.000000000000000654e-05
1.200000000000000030e-04
0.000000000000000000e+00
1.200000000000000030e-04
1.200000000000000030e-04
6.000000000000000830e-05
6.000000000000000830e-05
6.000000000000000830e-05
1.200000000000000030e-04
1.000000000000000048e-04
8.000000000000000654e-05
1.000000000000000048e-04
1.000000000000000048e-04
1.000000000000000048e-04
6.000000000000000830e-05
2.200000000000000078e-04
1.600000000000000131e-04
2.400000000000000061e-04
8.000000000000000654e-05
1.000000000000000183e-04
1.600000000000000131e-04
1.400000000000000148e-04
1.000000000000000048e-04
8.000000000000000654e-05
2.200000000000000078e-04
1.000000000000000048e-04
2.400000000000000061e-04
6.000000000000000830e-05
2.000000000000000096e-04
1.200000000000000030e-04
2.400000000000000061e-04
1.800000000000000113e-04
1.400000000000000148e-04
1.600000000000000131e-04
1.800000000000000113e-04
1.200000000000000030e-04
2.200000000000000078e-04
2.200000000000000078e-04
1.800000000000000113e-04
2.000000000000000096e-04
3.400000000000000244e-04
1.600000000000000131e-04
1.600000000000000131e-04
1.000000000000000048e-04
1.600000000000000131e-04
2.200000000000000078e-04
2.200000000000000078e-04
2.200000000000000078e-04
1.400000000000000148e-04
3.000000000000000279e-04
1.600000000000000131e-04
2.400000000000000061e-04
3.200000000000000262e-04
1.400000000000000148e-04
2.000000000000000096e-04
3.400000000000000244e-04
2.200000000000000078e-04
3.000000000000000279e-04
1.800000000000000113e-04
2.200000000000000078e-04
2.600000000000000314e-04
2.400000000000000061e-04
2.600000000000000314e-04
2.800000000000000297e-04
2.600000000000000314e-04
2.800000000000000297e-04
3.000000000000000279e-04
2.400000000000000061e-04
3.800000000000000209e-04
3.400000000000000244e-04
2.600000000000000314e-04
4.800000000000000122e-04
3.800000000000000209e-04
4.800000000000000122e-04
4.400000000000000157e-04
3.600000000000000227e-04
5.400000000000001153e-04
5.200000000000000629e-04
2.200000000000000078e-04
4.000000000000000192e-04
4.600000000000000139e-04
5.600000000000001678e-04
5.200000000000000629e-04
7.400000000000006399e-04
5.400000000000001153e-04
4.400000000000000157e-04
6.000000000000002727e-04
6.400000000000003776e-04
7.200000000000004790e-04
8.400000000000006854e-04
7.000000000000005350e-04
7.000000000000005350e-04
5.200000000000000629e-04
1.300000000000001675e-03
6.600000000000004301e-04
9.200000000000007868e-04
4.000000000000000192e-04
3.200000000000000262e-04
3.000000000000000279e-04
3.600000000000000227e-04
4.400000000000000157e-04
5.800000000000001118e-04
5.600000000000001678e-04
5.200000000000000629e-04
5.600000000000001678e-04
5.200000000000000629e-04
5.600000000000001678e-04
7.000000000000003181e-04
9.400000000000009476e-04
5.800000000000002202e-04
6.200000000000003252e-04
7.000000000000003181e-04
7.400000000000004231e-04
6.600000000000004301e-04
9.200000000000006783e-04
1.020000000000000507e-03
6.800000000000004825e-04
1.040000000000000776e-03
9.600000000000006748e-04
9.000000000000007343e-04
1.220000000000001248e-03
1.220000000000000815e-03
1.060000000000001046e-03
1.160000000000001091e-03
1.120000000000000769e-03
1.360000000000001182e-03
1.300000000000001241e-03
1.340000000000001346e-03
1.480000000000001497e-03
1.400000000000001504e-03
1.840000000000001790e-03
1.760000000000002014e-03
2.020000000000001829e-03
1.900000000000001731e-03
1.640000000000001699e-03
2.040000000000001448e-03
1.860000000000002060e-03
1.840000000000001790e-03
2.020000000000001829e-03
2.220000000000001486e-03
2.760000000000002902e-03
2.700000000000003179e-03
2.680000000000002693e-03
2.260000000000001591e-03
2.680000000000002693e-03
2.660000000000002640e-03
3.220000000000003242e-03
2.880000000000003217e-03
3.280000000000003399e-03
3.140000000000003032e-03
3.060000000000002822e-03
4.120000000000003000e-03
3.920000000000005078e-03
5.120000000000004756e-03
4.040000000000005392e-03
4.560000000000002419e-03
4.520000000000003182e-03
4.780000000000003864e-03
5.400000000000004623e-03
5.440000000000004728e-03
5.580000000000004227e-03
5.460000000000004780e-03
6.140000000000004829e-03
6.280000000000005196e-03
6.060000000000005486e-03
7.200000000000007609e-03
7.680000000000008868e-03
8.879999999999988597e-03
8.839999999999986757e-03
9.559999999999983442e-03
8.939999999999994826e-03
9.839999999999978972e-03
1.107999999999998049e-02
1.141999999999998225e-02
1.231999999999998374e-02
1.285999999999997562e-02
1.423999999999998878e-02
1.497999999999998118e-02
1.439999999999998226e-02
1.629999999999998117e-02
1.621999999999997749e-02
1.777999999999999026e-02
1.893999999999998116e-02
2.005999999999999450e-02
2.217999999999998445e-02
2.325999999999996820e-02
2.557999999999997082e-02
2.695999999999997704e-02
2.755999999999997688e-02
2.961999999999998315e-02
3.183999999999997249e-02
3.471999999999996617e-02
3.595999999999995034e-02
3.939999999999997671e-02
4.077999999999996905e-02
4.425999999999998685e-02
4.515999999999995712e-02
5.150000000000002492e-02
5.116000000000001796e-02
5.471999999999999781e-02
5.832000000000000378e-02
6.183999999999999914e-02
6.341999999999997639e-02
6.736000000000000321e-02
6.895999999999997965e-02
7.273999999999998523e-02
7.717999999999998473e-02
8.068000000000001559e-02
8.444000000000000117e-02
8.329999999999997129e-02
8.898000000000000353e-02
9.222000000000001030e-02
9.346000000000008467e-02
9.482000000000000151e-02
9.487999999999997824e-02
9.731999999999997597e-02
1.006999999999999840e-01
1.013000000000000428e-01
1.019399999999999751e-01
1.008199999999999791e-01
9.696000000000004615e-02
9.784000000000002417e-02
9.627999999999999059e-02
9.698000000000001064e-02
9.483999999999999375e-02
9.128000000000006942e-02
8.803999999999999326e-02
8.098000000000002419e-02
7.842000000000001747e-02
7.192000000000001170e-02
6.938000000000003886e-02
6.539999999999997204e-02
5.902000000000001689e-02
5.272000000000000991e-02
4.874000000000000554e-02
4.226000000000000589e-02
3.854000000000000481e-02
3.307999999999999136e-02
2.934000000000000150e-02
2.356000000000000802e-02
2.147999999999998869e-02
1.804000000000000048e-02
1.384000000000000334e-02
1.149999999999999634e-02
1.000000000000000021e-02
7.000000000000000146e-03
5.740000000000004647e-03
4.180000000000002290e-03
3.060000000000001955e-03
2.340000000000000933e-03
1.720000000000001042e-03
1.480000000000000846e-03
7.600000000000002587e-04
5.000000000000000104e-04
2.600000000000000314e-04