4.000000000000000327e-05
1.000000000000000048e-04
4.000000000000000327e-05
2.000000000000000164e-05
1.000000000000000048e-04
4.000000000000000327e-05
4.000000000000000327e-05
4.000000000000000327e-05
1.000000000000000048e-04
0.000000000000000000e+00
1.200000000000000030e-04
6.000000000000000830e-05
8.000000000000000654e-05
8.000000000000000654e-05
4.000000000000000327e-05
6.000000000000000830e-05
2.000000000000000164e-05
1.400000000000000148e-04
8.000000000000000654e-05
6.000000000000000830e-05
6.000000000000000830e-05
1.200000000000000030e-04
8.000000000000000654e-05
8.000000000000000654e-05
6.000000000000000830e-05
1.000000000000000048e-04
2.000000000000000164e-05
1.800000000000000113e-04
1.400000000000000148e-04
4.000000000000000327e-05
1.200000000000000030e-04
1.200000000000000030e-04
1.000000000000000048e-04
4.000000000000000327e-05
6.000000000000000830e-05
1.000000000000000048e-04
6.000000000000000830e-05
8.000000000000000654e-05
6.000000000000000830e-05
8.000000000000000654e-05
1.400000000000000148e-04
4.000000000000000327e-05
1.200000000000000166e-04
1.200000000000000030e-04
1.200000000000000030e-04
1.400000000000000148e-04
1.400000000000000148e-04
4.000000000000000327e-05
1.200000000000000030e-04
1.200000000000000166e-04
1.000000000000000048e-04
1.200000000000000030e-04
1.600000000000000131e-04
1.800000000000000113e-04
1.600000000000000131e-04
4.000000000000000327e-05
1.800000000000000113e-04
2.000000000000000096e-04
1.000000000000000048e-04
1.200000000000000166e-04
1.600000000000000131e-04
1.400000000000000148e-04
1.600000000000000131e-04
3.000000000000000279e-04
8.000000000000000654e-05
1.000000000000000048e-04
1.800000000000000113e-04
1.800000000000000113e-04
1.200000000000000030e-04
1.800000000000000113e-04
6.000000000000000830e-05
2.000000000000000096e-04
2.000000000000000096e-04
1.600000000000000131e-04
1.000000000000000183e-04
8.000000000000000654e-05
1.000000000000000048e-04
1.400000000000000148e-04
2.600000000000000314e-04
2.000000000000000096e-04
1.000000000000000048e-04
2.400000000000000061e-04
2.400000000000000061e-04
1.800000000000000113e-04
1.600000000000000131e-04
2.400000000000000061e-04
1.400000000000000148e-04
2.800000000000000297e-04
2.000000000000000096e-04
2.400000000000000061e-04
2.200000000000000078e-04
1.600000000000000131e-04
1.600000000000000131e-04
2.800000000000000297e-04
2.600000000000000314e-04
3.600000000000000227e-04
3.400000000000000244e-04
2.200000000000000078e-04
3.200000000000000262e-04
2.000000000000000096e-04
1.800000000000000113e-04
4.000000000000000192e-04
1.800000000000000113e-04
3.800000000000000209e-04
3.800000000000000209e-04
3.200000000000000262e-04
4.200000000000000174e-04
4.400000000000000157e-04
3.600000000000000227e-04
4.200000000000000174e-04
5.400000000000001153e-04
2.200000000000000078e-04
3.000000000000000279e-04
3.600000000000000227e-04
4.800000000000000122e-04
3.600000000000000227e-04
4.200000000000000174e-04
5.200000000000000629e-04
4.200000000000000174e-04
6.200000000000003252e-04
6.400000000000001608e-04
7.400000000000004231e-04
4.600000000000000139e-04
8.200000000000005245e-04
7.000000000000003181e-04
6.000000000000002727e-04
8.000000000000006889e-04
5.800000000000002202e-04
7.200000000000004790e-04
7.200000000000005874e-04
6.000000000000002727e-04
7.200000000000003706e-04
1.020000000000000941e-03
8.400000000000005769e-04
1.040000000000000776e-03
1.080000000000001098e-03
1.020000000000000724e-03
1.020000000000000941e-03
1.280000000000001406e-03
1.120000000000000986e-03
1.120000000000000986e-03
1.220000000000000815e-03
1.460000000000001661e-03
1.120000000000000986e-03
1.340000000000001563e-03
1.280000000000001189e-03
1.400000000000001287e-03
1.300000000000001241e-03
1.640000000000001916e-03
1.720000000000002343e-03
1.580000000000001542e-03
1.940000000000002053e-03
1.720000000000001909e-03
1.900000000000001731e-03
1.240000000000001084e-03
2.000000000000002210e-03
2.640000000000002588e-03
1.460000000000001661e-03
1.680000000000001804e-03
1.720000000000001259e-03
1.800000000000002119e-03
1.560000000000001490e-03
2.220000000000001920e-03
2.200000000000002301e-03
2.440000000000002063e-03
2.120000000000001657e-03
2.780000000000002955e-03
2.500000000000002220e-03
3.040000000000003203e-03
2.880000000000003217e-03
2.760000000000002469e-03
3.000000000000003098e-03
3.400000000000003280e-03
3.280000000000004266e-03
4.120000000000003867e-03
3.560000000000003700e-03
4.120000000000003000e-03
4.640000000000003497e-03
4.800000000000004784e-03
5.020000000000005361e-03
5.640000000000004385e-03
5.340000000000006200e-03
6.260000000000006011e-03
5.640000000000005252e-03
6.520000000000006693e-03
6.820000000000005745e-03
7.660000000000007948e-03
7.320000000000009659e-03
7.340000000000006242e-03
8.339999999999998456e-03
8.859999999999989412e-03
9.559999999999985176e-03
1.047999999999998412e-02
1.039999999999998218e-02
1.117999999999997988e-02
1.189999999999997830e-02
1.259999999999998101e-02
1.403999999999997784e-02
1.511999999999998762e-02
1.461999999999999064e-02
1.649999999999998343e-02
1.723999999999996716e-02
1.965999999999997958e-02
1.949999999999996528e-02
2.069999999999998577e-02
2.213999999999997567e-02
2.261999999999999081e-02
2.635999999999998067e-02
2.579999999999998614e-02
2.857999999999999083e-02
2.937999999999995823e-02
3.203999999999998516e-02
3.345999999999996893e-02
3.719999999999999002e-02
3.874000000000001054e-02
4.069999999999995843e-02
4.221999999999999365e-02
4.406000000000000194e-02
4.991999999999998522e-02
5.149999999999999023e-02
5.457999999999996882e-02
5.775999999999998497e-02
5.861999999999999156e-02
6.507999999999995733e-02
6.695999999999999175e-02
7.037999999999999812e-02
7.427999999999999881e-02
7.510000000000002784e-02
8.031999999999997475e-02
8.240000000000000102e-02
8.426000000000000156e-02
8.644000000000001682e-02
8.832000000000002349e-02
9.244000000000003603e-02
9.268000000000001237e-02
9.358000000000001040e-02
9.467999999999997252e-02
9.582000000000003015e-02
9.698000000000001064e-02
9.692000000000000615e-02
9.908000000000001528e-02
9.788000000000002254e-02
9.348000000000000753e-02
9.304000000000002546e-02
9.346000000000000141e-02
8.877999999999998393e-02
8.572000000000001840e-02
8.326000000000001455e-02
8.152000000000002300e-02
7.632000000000001283e-02
7.347999999999998977e-02
7.129999999999998839e-02
6.516000000000000958e-02
6.239999999999997632e-02
5.824000000000002092e-02
5.170000000000000984e-02
4.891999999999999821e-02
4.583999999999998493e-02
4.142000000000000542e-02
3.785999999999998394e-02
3.280000000000000276e-02
2.940000000000000252e-02
2.365999999999999701e-02
2.215999999999999567e-02
1.963999999999999774e-02
1.762000000000000025e-02
1.398000000000000111e-02
1.218000000000000159e-02
1.030000000000000360e-02
8.320000000000001006e-03
7.080000000000001223e-03
5.480000000000003098e-03
4.640000000000000895e-03
3.200000000000001021e-03
2.460000000000000814e-03
2.160000000000000028e-03
1.760000000000000930e-03
1.380000000000000584e-03
9.800000000000006189e-04
8.000000000000003636e-04
3.800000000000000209e-04
4.200000000000000174e-04
3.200000000000000262e-04
2.400000000000000061e-04
6.000000000000000830e-05
1.400000000000000148e-04
0.000000000000000000e+00
0.000000000000000000e+00
2.000000000000000164e-05
2.000000000000000164e-05
2.000000000000000164e-05
0.000000000000000000e+00
0.000000000000000000e+00
0.000000000000000000e+00
0.000000000000000000e+00
2.000000000000000164e-05
0.000000000000000000e+00
0.000000000000000000e+00
0.000000000000000000e+00
0.000000000000000000e+00
0.000000000000000000e+00
0.000000000000000000e+00
0.000000000000000000e+00
0.000000000000000000e+00
0.000000000000000000e+00
0.000000000000000000e+00
0.000000000000000000e+00
0.000000000000000000e+00
0.000000000000000000e+00
0.000000000000000000e+00
0.000000000000000000e+00
0.000000000000000000e+00
0.000000000000000000e+00
0.000000000000000000e+00
0.000000000000000000e+00
0.000000000000000000e+00
0.000000000000000000e+00
0.000000000000000000e+00