4.065516914184162389e-01
4.272971187033222651e-01
4.485713006152973192e-01
4.703754688086270730e-01
4.927108874008752637e-01
5.155788531795973961e-01
5.389806958146450278e-01
5.629177780764552663e-01
5.873914960602349966e-01
6.124032794161843318e-01
6.379545915856869032e-01
6.640469300439155731e-01
6.906818265482966845e-01
7.178608473936232137e-01
7.455855936734750999e-01
8.026788425186140996e-01
8.320507237088242691e-01
8.619750881524057551e-01
8.924537150881849401e-01
9.234884202616173710e-01
9.550810562338363230e-01
9.872335126974751685e-01
1.019947716800087445e+00
1.053225633474734524e+00
1.087069265778313865e+00
1.121480655237199420e+00
1.156461882200926272e+00
1.192015066203724549e+00
1.228142366333721647e+00
1.264845981610730030e+00
1.302128151372006437e+00
1.339991155666434786e+00
1.378437315657415008e+00
1.417468994034250640e+00
1.457088595432418199e+00
1.497298566862943714e+00
1.538101398150736765e+00
1.579499622382350532e+00
1.621495816363203391e+00
1.664092601084368184e+00
1.707292642199164545e+00
1.751098650509891774e+00
1.795513382464490881e+00
1.840539640663759080e+00
1.886180274378975508e+00
1.932438180080387591e+00
1.979316301976500103e+00
2.026817632564601457e+00
2.074945213192666227e+00
2.123702134632765137e+00
2.173091537666316242e+00
2.223116613681342724e+00
2.273780605282043066e+00
2.325086806910775739e+00
2.377038565482876287e+00
2.429639281034448484e+00
2.482892407383392896e+00
2.536801452803988610e+00
2.591369980715303445e+00
2.646601610383602310e+00
2.702500017639268393e+00
2.759068935608182560e+00
2.816312155458322142e+00
2.874233527161405455e+00
2.932836960270325921e+00
2.992126424712355792e+00
3.052105951598778510e+00
3.112779634050902633e+00
3.174151628043326845e+00
3.236226153264290417e+00
3.299007493993823648e+00
3.362500000000006040e+00
3.426708087453658180e+00
3.491636239861922952e+00
3.557289009021160187e+00
3.623671015989573974e+00
3.690786952079940786e+00
3.758641579873021499e+00
3.827239734252076087e+00
3.896586323458797629e+00
3.966686330171405483e+00
4.037544812605178279e+00
4.109166905636207900e+00
4.181557821948468145e+00
4.254722853205372246e+00
4.328667371245566109e+00
4.403396829304427662e+00
4.478916763261124423e+00
4.555232792912185857e+00
4.632350623272299295e+00
4.710276045902626052e+00
4.789014940267609433e+00
4.868573275120906096e+00
4.948957109920873343e+00
5.030172596276799801e+00
5.112225979426141542e+00
5.195123599743809883e+00
5.278871894284239197e+00
5.363477398357026971e+00
5.448946747136879765e+00
5.535286677308868697e+00
5.622504028749819582e+00
5.710605746246692149e+00
5.799598881252895133e+00
5.889490593683530228e+00
5.980288153750595193e+00
6.071998943838931240e+00
6.164630460424279867e+00
6.258190316034315970e+00
6.352686241253823418e+00
6.448126086775071819e+00
6.544517825494827967e+00
6.641869554658847541e+00
6.740189498055425332e+00
6.839486008259053840e+00
6.939767568925706342e+00
7.041042797141010112e+00
7.143320445822646469e+00
7.246609406178643908e+00
7.350918710222917873e+00
7.456257533349639033e+00
7.562635196967896434e+00
7.670061171198693906e+00
7.778545077635489413e+00
7.888096692170384117e+00
7.998725947887628251e+00
8.110442938026292126e+00
8.223257919014191231e+00
8.337181313574856034e+00
8.452223713909749137e+00
8.568395884957716646e+00
8.685708767734197977e+00
8.804173482751895818e+00
8.923801333525833712e+00
9.044603810164980828e+00
9.166592593052696358e+00
9.289779556619150114e+00
9.414176773207843851e+00
9.539796517039338397e+00
9.666651268274891962e+00
9.794753717183095176e+00
9.924116768412476475e+00
1.005475354537308341e+01
1.018667739473085554e+01
1.031990189101748001e+01
1.045444084135975160e+01
1.059030829033188681e+01
1.072751852493460767e+01
1.086608607970477358e+01
1.100602574195976757e+01
1.114735255718070661e+01
1.129008183453886183e+01
1.143422915256975614e+01
1.157981036499963956e+01
1.172684160672898734e+01
1.187533929997836246e+01
1.202532016060152564e+01
1.217680120457124104e+01
1.232979975464344768e+01
1.248433344720561067e+01
1.264042023931499159e+01
1.279807841593356876e+01
1.295732659736534309e+01
1.311818374690367683e+01
1.328066917869478125e+01
1.344480256582522060e+01
1.361060394864059653e+01
1.377809374330337633e+01
1.394729275059803086e+01
1.429090358396057958e+01
1.446535901758676701e+01
1.464161089844263941e+01
1.481968209176495499e+01
1.499959590593367231e+01
1.518137610326457398e+01
1.536504691112704002e+01
1.555063303339876413e+01
1.573815966226922924e+01
1.592765249040489373e+01
1.611913772348873053e+01
1.631264209314823788e+01
1.650819287028602744e+01
1.670581787882775160e+01
1.690554550990283644e+01
1.710740473647464555e+01
1.731142512843619130e+01
1.751763686818961574e+01
1.772607076672753479e+01
1.793675828023553009e+01
1.814973152723577599e+01
1.836502330629266666e+01
1.858266711430247753e+01
1.880269716538974833e+01
1.902514841043447547e+01
1.925005655725480835e+01
1.947745809147184914e+01
1.970739029808321163e+01
1.993989128377478437e+01
2.017500000000000071e+01
2.041275626685823852e+01
2.065320079780536133e+01
2.089637522523038982e+01
2.114232212693504565e+01
2.139108505355329370e+01
2.164270855695108864e+01
2.189723821964761186e+01
2.215472068530186789e+01
2.241520369031039905e+01
2.267873609656425060e+01
2.294536792541558867e+01
2.321515039290742877e+01
2.348813594632186863e+01
2.376437830210589297e+01
2.404393248523610893e+01
2.432685487008757974e+01
2.461320322287491891e+01
2.490303674573785742e+01
2.519641612254647356e+01
2.549340356650672135e+01
2.579406286964936967e+01
2.609845945429204761e+01
2.640666042656704349e+01
2.671873463211416322e+01
2.703475271404251501e+01
2.735478717327110942e+01
2.767891243136476831e+01
2.800720489598797514e+01
2.833974302910608500e+01
2.867660741807192437e+01
2.901788084974231197e+01
2.936364838777867092e+01
2.971399745329430786e+01
3.006901790902110605e+01
3.042880214717814624e+01
3.079344518123641805e+01
3.116304474178512152e+01
3.153770137671795126e+01
3.191751855597134480e+01
3.230260278106039351e+01
3.269306369967524972e+01
3.308901422561537231e+01
3.349057066435859298e+01
3.389785284458003645e+01
3.431098425595687473e+01
3.473009219361697575e+01
3.515530790961302188e+01
3.558676677182941006e+01
3.602460843075660790e+01
3.646897699459730546e+01
3.692002121320041397e+01
3.737789467135355892e+01
3.784275599200228157e+01
3.831476905000254618e+01
3.879410319705939969e+01
3.928093349854810157e+01
3.977544098296829844e+01
4.027781290483311949e+01
4.078824302185844175e+01
4.130693188737853916e+01
4.183408715898768548e+01
4.236992392448125599e+01
4.291466504625375933e+01
4.346854152540188210e+01
4.403179288687753967e+01
4.460466758714468938e+01
4.518742344590941684e+01
4.578032810362131499e+01
4.638365950658307924e+01
4.699770642165862711e+01
4.762276898273725578e+01
4.825915927129465643e+01
4.890720193359271661e+01
4.956723483728229240e+01
5.023960977041465270e+01
5.092469318613728291e+01
5.162286699664278444e+01
5.233452942026698906e+01
5.306009588599081184e+01
5.380000000000001847e+01
5.455469457939548050e+01
5.532465275863718546e+01
5.611036917484585729e+01
5.691236123868998931e+01
5.773117049825606983e+01
5.856736410404849380e+01
5.942153638409876493e+01
6.029431053909798521e+01
6.118634046850959152e+01
6.209831273978947763e+01
6.303094871415682832e+01
6.398500684383365211e+01
6.496128515733950337e+01
6.596062395130289246e+01
6.698390870937750208e+01
6.803207327125244319e+01
6.910610327747671988e+01
7.020703991891464568e+01
7.133598402318418152e+01
7.249410051445330794e+01
7.368262328758328294e+01
7.490286054288085893e+01
7.615620063379242310e+01
7.744411848684592314e+01
7.876818266121010481e+01
8.013006312455087254e+01
8.153153983267561955e+01
8.297451221301831481e+01
8.446100966666723764e+01
8.599320322076719947e+01
8.757341848321229349e+01
8.920415007517020456e+01
9.088807774485857749e+01
9.262808439899589530e+01
9.442727632755349987e+01
9.628900594417787318e+01
9.821689742057833428e+01
1.002148756603652657e+02
1.022871991388579858e+02