1.000000000000000048e-04
4.000000000000000327e-05
8.000000000000000654e-05
2.000000000000000164e-05
0.000000000000000000e+00
2.000000000000000164e-05
4.000000000000000327e-05
6.000000000000000830e-05
4.000000000000000327e-05
6.000000000000000830e-05
2.000000000000000164e-05
6.000000000000000830e-05
6.000000000000000830e-05
1.000000000000000048e-04
6.000000000000000830e-05
8.000000000000000654e-05
6.000000000000000830e-05
1.200000000000000030e-04
6.000000000000000830e-05
1.000000000000000048e-04
4.000000000000000327e-05
1.200000000000000030e-04
1.200000000000000030e-04
2.000000000000000164e-05
2.000000000000000164e-05
6.000000000000000830e-05
1.400000000000000148e-04
4.000000000000000327e-05
2.000000000000000164e-05
1.200000000000000030e-04
8.000000000000000654e-05
6.000000000000000830e-05
1.000000000000000048e-04
6.000000000000000830e-05
8.000000000000000654e-05
1.000000000000000048e-04
6.000000000000000830e-05
4.000000000000000327e-05
4.000000000000000327e-05
1.200000000000000030e-04
6.000000000000000830e-05
1.400000000000000148e-04
4.000000000000000327e-05
4.000000000000000327e-05
8.000000000000000654e-05
8.000000000000000654e-05
4.000000000000000327e-05
6.000000000000000830e-05
4.000000000000000327e-05
8.000000000000000654e-05
1.600000000000000131e-04
1.000000000000000048e-04
1.200000000000000030e-04
1.400000000000000148e-04
1.600000000000000131e-04
1.200000000000000030e-04
4.000000000000000327e-05
1.000000000000000048e-04
1.000000000000000048e-04
1.000000000000000048e-04
6.000000000000000830e-05
4.000000000000000327e-05
6.000000000000000830e-05
6.000000000000000830e-05
1.400000000000000148e-04
1.200000000000000030e-04
6.000000000000000830e-05
6.000000000000000830e-05
1.200000000000000030e-04
2.000000000000000164e-05
4.000000000000000327e-05
1.400000000000000148e-04
1.600000000000000131e-04
1.000000000000000048e-04
4.000000000000000327e-05
1.200000000000000030e-04
1.800000000000000113e-04
2.000000000000000096e-04
2.000000000000000096e-04
2.000000000000000096e-04
4.000000000000000327e-05
8.000000000000000654e-05
1.200000000000000030e-04
6.000000000000000830e-05
1.000000000000000048e-04
4.000000000000000327e-05
1.200000000000000030e-04
8.000000000000000654e-05
2.000000000000000164e-05
1.200000000000000030e-04
8.000000000000000654e-05
8.000000000000000654e-05
1.000000000000000048e-04
1.200000000000000030e-04
4.000000000000000327e-05
1.200000000000000030e-04
1.400000000000000148e-04
1.200000000000000030e-04
1.000000000000000048e-04
1.000000000000000048e-04
2.000000000000000164e-05
1.400000000000000148e-04
1.200000000000000030e-04
8.000000000000000654e-05
8.000000000000000654e-05
8.000000000000000654e-05
8.000000000000000654e-05
2.000000000000000096e-04
1.800000000000000113e-04
1.400000000000000148e-04
2.000000000000000096e-04
1.200000000000000030e-04
1.000000000000000048e-04
1.800000000000000113e-04
8.000000000000000654e-05
1.400000000000000148e-04
1.600000000000000131e-04
8.000000000000000654e-05
2.400000000000000061e-04
1.800000000000000113e-04
1.800000000000000113e-04
4.000000000000000327e-05
1.400000000000000148e-04
6.000000000000000830e-05
1.200000000000000030e-04
1.200000000000000030e-04
2.200000000000000078e-04
8.000000000000000654e-05
1.400000000000000148e-04
2.200000000000000078e-04
1.600000000000000131e-04
2.600000000000000314e-04
1.000000000000000048e-04
1.000000000000000048e-04
2.200000000000000078e-04
1.800000000000000113e-04
1.600000000000000131e-04
2.200000000000000078e-04
3.200000000000000262e-04
2.200000000000000078e-04
2.800000000000000297e-04
3.000000000000000279e-04
1.400000000000000148e-04
1.200000000000000030e-04
2.000000000000000096e-04
2.400000000000000061e-04
2.400000000000000061e-04
2.800000000000000297e-04
3.200000000000000262e-04
3.200000000000000262e-04
3.600000000000000227e-04
4.800000000000000122e-04
2.000000000000000096e-04
3.000000000000000279e-04
3.600000000000000227e-04
2.600000000000000314e-04
2.600000000000000314e-04
4.600000000000000139e-04
3.800000000000000209e-04
3.200000000000000262e-04
2.200000000000000078e-04
2.200000000000000078e-04
6.200000000000003252e-04
2.200000000000000078e-04
4.600000000000000139e-04
1.400000000000000148e-04
1.600000000000000131e-04
8.000000000000000654e-05
1.200000000000000030e-04
2.000000000000000096e-04
2.000000000000000096e-04
2.400000000000000061e-04
2.200000000000000078e-04
2.200000000000000078e-04
2.800000000000000297e-04
1.800000000000000113e-04
3.600000000000000227e-04
1.600000000000000131e-04
4.000000000000000192e-04
3.000000000000000279e-04
2.400000000000000061e-04
3.000000000000000279e-04
2.800000000000000297e-04
2.000000000000000096e-04
1.200000000000000030e-04
3.200000000000000262e-04
3.600000000000000227e-04
3.800000000000000209e-04
4.600000000000000139e-04
3.400000000000000244e-04
3.200000000000000262e-04
3.800000000000000209e-04
3.600000000000000227e-04
2.600000000000000314e-04
4.600000000000000139e-04
4.200000000000000174e-04
3.000000000000000279e-04
5.600000000000001678e-04
4.400000000000000157e-04
4.800000000000000122e-04
5.200000000000000629e-04
4.600000000000000139e-04
5.200000000000000629e-04
4.200000000000000174e-04
5.400000000000001153e-04
5.600000000000001678e-04
6.000000000000001643e-04
8.400000000000005769e-04
6.800000000000002657e-04
5.200000000000000629e-04
1.000000000000000671e-03
6.800000000000004825e-04
8.000000000000005804e-04
6.800000000000004825e-04
1.180000000000000927e-03
1.120000000000000986e-03
7.800000000000006364e-04
8.800000000000007903e-04
7.200000000000004790e-04
8.800000000000006819e-04
9.400000000000007308e-04
1.140000000000001472e-03
9.800000000000006189e-04
9.800000000000008357e-04
1.180000000000001143e-03
1.280000000000001406e-03
1.100000000000000934e-03
1.240000000000001084e-03
1.180000000000000927e-03
1.340000000000001129e-03
1.260000000000001136e-03
1.280000000000001189e-03
1.620000000000001430e-03
1.420000000000001339e-03
1.500000000000001332e-03
1.700000000000001640e-03
1.740000000000001528e-03
1.920000000000002651e-03
1.660000000000001318e-03
2.240000000000001972e-03
1.900000000000001948e-03
2.260000000000001591e-03
1.940000000000001619e-03
2.060000000000001934e-03
2.520000000000001839e-03
2.180000000000001815e-03
2.640000000000002154e-03
2.320000000000002616e-03
2.520000000000002707e-03
2.900000000000002836e-03
2.720000000000002364e-03
3.200000000000003189e-03
3.160000000000003952e-03
3.560000000000003266e-03
3.840000000000003133e-03
3.600000000000003371e-03
3.900000000000003724e-03
4.240000000000004182e-03
4.720000000000003706e-03
4.500000000000003997e-03
5.280000000000005175e-03
5.480000000000003965e-03
5.440000000000004728e-03
5.420000000000004675e-03
6.300000000000006116e-03
6.720000000000005483e-03
6.520000000000007560e-03
7.660000000000006214e-03
7.680000000000008868e-03
7.320000000000008791e-03
8.099999999999999561e-03
8.519999999999996326e-03
1.003999999999998297e-02
9.639999999999981917e-03
9.859999999999985096e-03
1.133999999999998377e-02
1.167999999999997686e-02
1.273999999999998051e-02
1.355999999999998006e-02
1.565999999999999337e-02
1.489999999999997923e-02
1.669999999999998222e-02
1.755999999999997147e-02
1.909999999999997811e-02
2.017999999999998267e-02
2.107999999999999458e-02
2.297999999999997961e-02
2.365999999999998660e-02
2.629999999999997964e-02
2.679999999999999050e-02
2.985999999999999419e-02
3.249999999999997335e-02
3.417999999999996735e-02
3.607999999999998708e-02
3.836000000000000520e-02
4.101999999999998009e-02
4.428000000000000685e-02
4.763999999999999485e-02
5.099999999999998979e-02
5.482000000000000761e-02
5.810000000000002662e-02
6.175999999999997464e-02
6.534000000000000918e-02
6.806000000000000938e-02
7.373999999999999999e-02
7.689999999999995450e-02
8.306000000000002270e-02
8.442000000000000892e-02
8.908000000000000640e-02
9.371999999999995612e-02
9.605999999999995098e-02
1.005400000000000599e-01
9.959999999999999409e-02
1.032399999999999846e-01
1.053800000000000153e-01
1.070200000000000318e-01
1.053400000000000170e-01
1.068000000000000060e-01
1.054399999999999921e-01
1.025999999999999412e-01