[
2.000000000000001776e-03,
2.240000000000002406e-03,
1.940000000000001619e-03,
2.180000000000002248e-03,
2.180000000000001815e-03,
2.000000000000000096e-04,
2.400000000000000061e-04,
3.600000000000000227e-04,
3.000000000000000279e-04,
3.000000000000000279e-04,
4.000000000000000192e-04,
4.200000000000000174e-04,
6.800000000000003741e-04,
7.200000000000004790e-04,
9.400000000000009476e-04,
1.500000000000001115e-03,
1.980000000000002158e-03,
3.760000000000003357e-03,
5.340000000000004465e-03,
8.599999999999993067e-03,
1.351999999999998169e-02,
2.203999999999999362e-02,
3.273999999999997051e-02,
4.562000000000000777e-02,
6.433999999999996666e-02,
7.324000000000005506e-02,
7.291999999999998483e-02,
5.392000000000003040e-02,
2.763999999999999443e-02,
9.339999999999997610e-03,
1.380000000000000367e-03,
0.000000000000000000e+00,
0.000000000000000000e+00,
0.000000000000000000e+00,
0.000000000000000000e+00,
0.000000000000000000e+00,
0.000000000000000000e+00,
0.000000000000000000e+00,
0.000000000000000000e+00,
0.000000000000000000e+00,
0.000000000000000000e+00,
0.000000000000000000e+00,
0.000000000000000000e+00,
0.000000000000000000e+00,
0.000000000000000000e+00,
0.000000000000000000e+00,
0.000000000000000000e+00,
0.000000000000000000e+00,
0.000000000000000000e+00,
0.000000000000000000e+00,
0.000000000000000000e+00,
0.000000000000000000e+00,
0.000000000000000000e+00,
0.000000000000000000e+00,
0.000000000000000000e+00,
0.000000000000000000e+00,
0.000000000000000000e+00,
0.000000000000000000e+00,
0.000000000000000000e+00,
0.000000000000000000e+00,
0.000000000000000000e+00,
0.000000000000000000e+00,
0.000000000000000000e+00,
0.000000000000000000e+00,
0.000000000000000000e+00,
0.000000000000000000e+00,
0.000000000000000000e+00,
0.000000000000000000e+00,
0.000000000000000000e+00,
0.000000000000000000e+00,
0.000000000000000000e+00,
0.000000000000000000e+00,
0.000000000000000000e+00,
0.000000000000000000e+00,
0.000000000000000000e+00,
0.000000000000000000e+00,
0.000000000000000000e+00,
0.000000000000000000e+00,
0.000000000000000000e+00,
0.000000000000000000e+00,
0.000000000000000000e+00,
0.000000000000000000e+00,
0.000000000000000000e+00,
0.000000000000000000e+00,
0.000000000000000000e+00,
0.000000000000000000e+00,
0.000000000000000000e+00,
0.000000000000000000e+00,
0.000000000000000000e+00,
0.000000000000000000e+00,
0.000000000000000000e+00,
0.000000000000000000e+00,
0.000000000000000000e+00,
0.000000000000000000e+00,
0.000000000000000000e+00,
0.000000000000000000e+00,
0.000000000000000000e+00,
0.000000000000000000e+00,
]
