1.032097212154782184e+01
1.084762834061333514e+01
1.138770785093630167e+01
1.194124192005246954e+01
1.250826263963039686e+01
1.308880293071922019e+01
1.368289654913833076e+01
1.429057809101900745e+01
1.491188299849570420e+01
1.554684756555064062e+01
1.619550894400987318e+01
1.685790514970222631e+01
1.753407506876697752e+01
1.822405846413030517e+01
1.892789598214186242e+01
1.964562915937375109e+01
2.037730042958964560e+01
2.112295313088312554e+01
2.188263151298430742e+01
2.265638074474800590e+01
2.344424692180886183e+01
2.424627707442701663e+01
2.506251917550579122e+01
2.589302214880221342e+01
2.673783587731955436e+01
2.759701121189629802e+01
2.847059997998079695e+01
2.935865499461013428e+01
3.026123006358822920e+01
3.117837999885867717e+01
3.211016062609544264e+01
3.305662879449602798e+01
3.401784238678840211e+01
3.499386032945906067e+01
3.598474260319663642e+01
3.699055025356127402e+01
3.801134540188490973e+01
3.904719125639918076e+01
4.009815212360249603e+01
4.116429341986734158e+01
4.224568168329052043e+01
4.334238458579216768e+01
4.445447094547230193e+01
4.558201073921936342e+01
4.672507511558664817e+01
4.788373640793317065e+01
4.905806814784002512e+01
5.024814507880118697e+01
5.145404317019948337e+01
5.267583963157143501e+01
5.391361292716413089e+01
5.516744279079282620e+01
5.643741024100329184e+01
5.772359759654673184e+01
5.902608849216983344e+01
6.034496789473071487e+01
6.168032211964404610e+01
6.303223884766241270e+01
6.440080714200161083e+01
6.578611746581711373e+01
6.718826170003575271e+01
6.860733316155598516e+01
7.004342662181515777e+01
7.149663832574306355e+01
7.296706601109752910e+01
7.445480892820094709e+01
7.595996786007687263e+01
7.748264514300393557e+01
7.902294468748553413e+01
8.058097199965754953e+01
8.215683420312950602e+01
8.375064006127814764e+01
8.536250000000013927e+01
8.699252613093320008e+01
8.864083227515639862e+01
9.030753398738104920e+01
9.199274858064237037e+01
9.369659515150152629e+01
9.541919460577271650e+01
9.716066968478597232e+01
9.892114499219378843e+01
1.007007470213402343e+02
1.024996041831998497e+02
1.043178468349058079e+02
1.061556073088702163e+02
1.080130199425259434e+02
1.098902211086838747e+02
1.117873492465424903e+02
1.137045448933465224e+02
1.156419507167186396e+02
1.175997115476822614e+02
1.195779744143830072e+02
1.215768885765334772e+02
1.235966055605972684e+02
1.256372791957235791e+02
1.276990656504619466e+02
1.297821234702643665e+02
1.318866136158009965e+02
1.340126995021080347e+02
1.361605470385878220e+02
1.383303246698800990e+02
1.405222034176292141e+02
1.427363569231691827e+02
1.449729614911474300e+02
1.472321961341115752e+02
1.495142426180848645e+02
1.518192855091554350e+02
1.541475122211005839e+02
1.564991130640795802e+02
1.588742812944176137e+02
1.612732131655105832e+02
1.636961079798771550e+02
1.661431681423947282e+02
1.686145992147407640e+02
1.711106099710798958e+02
1.736314124550225984e+02
1.761772220378945804e+02
1.787482574783492737e+02
1.813447409833562745e+02
1.839668982706095051e+02
1.866149586323877543e+02
1.892891550009095738e+02
1.919897240152184281e+02
1.947169060896500810e+02
1.974709454839135674e+02
2.002520903748384740e+02
2.030605929298312446e+02
2.058967093820875505e+02
2.087607001076130473e+02
2.116528297040991902e+02
2.145733670717088160e+02
2.175225854958224829e+02
2.205007627318097718e+02
2.235081810918687211e+02
2.265451275340070936e+02
2.296118937532217501e+02
2.327087762749325464e+02
2.358360765507515566e+02
2.389941010566407442e+02
2.421831613935376595e+02
2.454035743905175764e+02
2.486556622105700853e+02
2.519397524590661419e+02
2.552561782949917415e+02
2.586052785450445981e+02
2.619873978206630341e+02
2.654028866380882050e+02
2.688521015415481656e+02
2.723354052296595569e+02
2.758531666851445721e+02
2.794057613079674525e+02
2.829935710519963550e+02
2.866169845653006973e+02
2.902763973341964743e+02
2.939722118311618146e+02
2.977048376667369780e+02
3.014746917455472612e+02
3.052821984265717674e+02
3.091277896877954845e+02
3.130119052953907044e+02
3.169349929775729038e+02
3.208975086032790500e+02
3.248999163658376688e+02
3.289426889717766471e+02
3.330263078349635748e+02
3.371512632762328963e+02
3.413180547287004174e+02
3.455271909489465543e+02
3.497791902342704020e+02
3.540745806462228416e+02
3.584139002406315626e+02
3.627976973043375324e+02
3.672265305988847786e+02
3.717009696113931909e+02
3.762215948128730929e+02
3.807889979242418121e+02
3.854037821903113468e+02
3.900665626620317425e+02
3.947779664872867897e+02
3.995386332105447877e+02
4.043492150816914545e+02
4.092103773743663169e+02
4.141227987141609788e+02
4.190871714170381779e+02
4.241042018383446361e+02
4.291746107328120843e+02
4.342991336259677837e+02
4.394785211973633636e+02
4.447135396760850767e+02
4.500049712490048819e+02
4.553536144822618326e+02
4.607602847564799617e+02
4.662258147162550586e+02
4.717510547344668907e+02
4.773368733919946862e+02
4.829841579734461448e+02
4.886938149795280992e+02
4.944667706567332743e+02
5.003039715450194080e+02
5.062063850442304442e+02
5.121749999999999545e+02
5.182108273099439657e+02
5.243149005509769722e+02
5.304882766286182232e+02
5.367320364492171620e+02
5.430472856160424726e+02
5.494351551502563780e+02
5.558968022378197702e+02
5.624334110034440073e+02
5.690461933127497787e+02
5.757363896038559687e+02
5.825052697496768133e+02
5.893541339522855651e+02
5.962843136707510894e+02
6.032971725839446435e+02
6.103941075898786721e+02
6.175765498432268714e+02
6.248459658327614079e+02
6.322038585005345794e+02
6.396517684047205421e+02
6.471912749281574406e+02
6.548239975347046311e+02
6.625515970756889601e+02
6.703757771487967148e+02
6.782982855119241776e+02
6.863209155546330749e+02
6.944455078299939714e+02
7.026739516497769955e+02
7.110081867461035472e+02
7.194502050028454505e+02
7.280020522602719666e+02
7.366658301966180034e+02
7.454436982904851448e+02
7.543378758682036960e+02
7.633506442405393955e+02
7.724843489333812840e+02
7.817414020173363269e+02
7.911242845414518570e+02
8.006355490766054572e+02
8.102778223744546722e+02
8.200538081481837480e+02
8.299662899817183188e+02
8.400181343744510514e+02
8.502122939290140948e+02
8.605518106901004103e+02
8.710398196428603796e+02
8.816795523799639795e+02
8.924743409470160032e+02
9.034276218766653983e+02
9.145429404224418022e+02
9.258239550041075745e+02
9.372744418771211485e+02
9.488983000396782472e+02
9.606995563917604386e+02
9.726823711615887760e+02
9.848510436160541985e+02
9.972100180728066334e+02
1.009763890233050120e+03
1.022517413855410155e+03
1.035475507792830058e+03
1.048643263416014861e+03
1.062025952448798762e+03
1.075629035242685632e+03
1.089458169519951070e+03
1.103519219616986675e+03
1.117818266262032239e+03
1.132361616924204554e+03
1.147155816773662991e+03
1.162207660296022141e+03
1.177524203607642221e+03
1.193112777522329907e+03
1.208981001424210717e+03
1.225136798006212530e+03
1.241588408938678867e+03
1.258344411538292434e+03
1.275413736513611866e+03
1.292805686870377031e+03
1.310529958067187863e+03
1.328596659520458161e+03
1.347016337566658876e+03
1.365800000000000409e+03
1.384959142314839028e+03
1.404505775794547844e+03
1.424452457602313416e+03
1.444812323044661298e+03
1.465599120195504383e+03
1.486827247087535625e+03
1.508511791698923389e+03
1.530668574986989142e+03
1.553314197247033235e+03
1.576466088104172059e+03
1.600142560479468102e+03
1.624362868909070585e+03
1.649147272637440210e+03
1.674517103953336346e+03
1.700494842291222540e+03
1.727104194681721083e+03
1.754370183204046498e+03
1.782319240172000036e+03
1.810979311874813220e+03
1.840379971796288373e+03
1.870552544352810855e+03
1.901530240324659417e+03
1.933348305309176112e+03
1.966044182701378304e+03
1.999657692912281391e+03
2.034231230771590162e+03
2.069809983335843299e+03
2.106442170642014389e+03
2.144179312318477514e+03
2.183076523400070982e+03
2.223192843203928533e+03
2.264591601722443556e+03
2.307340828697543202e+03
2.351513711378226617e+03
2.397189107958597560e+03
2.444452124880262090e+03
2.493394767602711454e+03
2.544116676151057163e+03
2.596725958807662664e+03