0.000000000000000000e+00
1.000000000000000048e-04
1.000000000000000048e-04
8.000000000000000654e-05
1.200000000000000030e-04
6.000000000000000830e-05
1.200000000000000030e-04
8.000000000000000654e-05
8.000000000000000654e-05
1.200000000000000030e-04
1.000000000000000048e-04
4.000000000000000327e-05
8.000000000000000654e-05
8.000000000000000654e-05
1.400000000000000148e-04
4.000000000000000327e-05
1.000000000000000048e-04
6.000000000000000830e-05
1.400000000000000148e-04
4.000000000000000327e-05
1.000000000000000048e-04
1.000000000000000048e-04
8.000000000000000654e-05
1.400000000000000148e-04
1.400000000000000148e-04
1.200000000000000030e-04
1.200000000000000030e-04
8.000000000000000654e-05
1.200000000000000030e-04
8.000000000000000654e-05
1.000000000000000048e-04
1.000000000000000048e-04
4.000000000000000327e-05
8.000000000000000654e-05
0.000000000000000000e+00
1.000000000000000048e-04
2.000000000000000096e-04
6.000000000000000830e-05
1.000000000000000048e-04
1.600000000000000131e-04
1.200000000000000030e-04
1.400000000000000148e-04
1.000000000000000048e-04
1.200000000000000030e-04
1.200000000000000030e-04
1.400000000000000148e-04
1.400000000000000148e-04
1.600000000000000131e-04
1.800000000000000113e-04
1.800000000000000113e-04
1.600000000000000131e-04
2.000000000000000096e-04
1.600000000000000131e-04
1.600000000000000131e-04
2.000000000000000096e-04
1.000000000000000048e-04
2.200000000000000078e-04
3.000000000000000279e-04
2.400000000000000061e-04
2.400000000000000061e-04
1.600000000000000131e-04
1.400000000000000148e-04
1.800000000000000113e-04
1.400000000000000148e-04
2.200000000000000078e-04
2.400000000000000061e-04
2.800000000000000297e-04
2.000000000000000096e-04
3.800000000000000209e-04
2.600000000000000314e-04
2.200000000000000078e-04
2.800000000000000297e-04
2.400000000000000061e-04
3.400000000000000244e-04
1.800000000000000113e-04
3.800000000000000209e-04
2.800000000000000297e-04
3.400000000000000244e-04
3.600000000000000227e-04
4.000000000000000192e-04
4.800000000000000122e-04
4.800000000000000122e-04
2.800000000000000297e-04
3.400000000000000244e-04
4.800000000000000122e-04
6.400000000000003776e-04
3.600000000000000227e-04
5.200000000000000629e-04
3.400000000000000244e-04
5.600000000000001678e-04
4.800000000000000122e-04
7.200000000000002622e-04
5.400000000000001153e-04
7.000000000000003181e-04
7.600000000000005839e-04
5.200000000000000629e-04
8.200000000000003076e-04
8.800000000000007903e-04
9.200000000000007868e-04
7.600000000000005839e-04
9.800000000000008357e-04
8.600000000000005210e-04
7.600000000000005839e-04
5.200000000000000629e-04
8.000000000000004720e-04
1.100000000000001150e-03
8.400000000000004685e-04
9.000000000000007343e-04
1.020000000000000724e-03
1.260000000000001136e-03
1.020000000000000724e-03
1.220000000000000815e-03
1.460000000000001444e-03
1.420000000000001339e-03
1.680000000000001371e-03
1.460000000000001444e-03
1.460000000000001444e-03
1.860000000000001192e-03
1.620000000000001647e-03
1.800000000000001685e-03
2.140000000000001710e-03
2.020000000000001395e-03
2.300000000000002130e-03
2.140000000000001710e-03
2.400000000000002826e-03
2.620000000000002535e-03
2.660000000000001773e-03
2.920000000000003322e-03
2.740000000000002416e-03
2.740000000000002416e-03
3.340000000000003556e-03
4.160000000000003972e-03
4.020000000000003605e-03
4.460000000000003892e-03
4.000000000000005287e-03
4.240000000000004182e-03
5.160000000000005728e-03
4.580000000000002472e-03
5.220000000000004151e-03
5.640000000000006120e-03
5.640000000000004385e-03
6.020000000000005382e-03
5.840000000000004909e-03
7.140000000000007452e-03
8.319999999999994067e-03
8.439999999999994382e-03
8.259999999999994777e-03
9.259999999999990461e-03
1.013999999999998236e-02
9.999999999999982861e-03
1.135999999999998122e-02
1.161999999999997757e-02
1.243999999999998059e-02
1.383999999999998079e-02
1.073999999999997700e-02
1.549999999999998081e-02
1.925999999999998893e-02
1.513999999999999027e-02
1.629999999999998117e-02
1.739999999999997798e-02
1.839999999999997193e-02
1.987999999999998102e-02
2.231999999999998568e-02
2.241999999999996773e-02
2.467999999999997626e-02
2.803999999999998508e-02
2.783999999999998282e-02
3.047999999999998627e-02
3.293999999999997624e-02
3.477999999999998454e-02
3.764000000000002066e-02
3.965999999999998693e-02
4.251999999999997448e-02
4.569999999999995594e-02
4.763999999999999485e-02
5.050000000000000322e-02
5.305999999999998218e-02
5.542000000000000398e-02
5.875999999999999279e-02
6.292000000000000370e-02
6.647999999999992804e-02
6.991999999999998217e-02
7.331999999999999629e-02
7.523999999999997357e-02
7.770000000000001905e-02
8.295999999999999208e-02
8.509999999999998122e-02
8.633999999999995845e-02
8.783999999999997366e-02
8.977999999999998482e-02
9.350000000000001366e-02
9.393999999999999573e-02
9.120000000000001716e-02
9.351999999999996427e-02
9.460000000000008680e-02
9.419999999999997820e-02
9.104000000000000981e-02
9.088000000000003020e-02
8.943999999999999173e-02
8.877999999999998393e-02
8.632000000000002171e-02
8.232000000000004591e-02
8.097999999999996867e-02
7.636000000000003896e-02
7.276000000000003298e-02
6.898000000000001353e-02
6.409999999999999032e-02
6.062000000000000721e-02
5.638000000000001344e-02
5.201999999999999680e-02
4.776000000000000384e-02
4.381999999999999090e-02
3.957999999999999713e-02
3.590000000000000829e-02
3.122000000000000469e-02
2.840000000000000510e-02
2.492000000000000118e-02
2.201999999999999097e-02
2.028000000000000289e-02
1.601999999999999952e-02
1.450000000000000074e-02
1.231999999999999762e-02
1.054000000000000423e-02
8.300000000000000086e-03
7.039999999999999383e-03
5.480000000000002230e-03
5.020000000000000157e-03
3.359999999999999706e-03
2.980000000000001311e-03
2.140000000000000843e-03
1.720000000000000825e-03
1.460000000000001011e-03
1.100000000000000283e-03
6.200000000000001083e-04
3.400000000000000244e-04
3.200000000000000262e-04
2.600000000000000314e-04
2.000000000000000096e-04
1.400000000000000148e-04
1.600000000000000131e-04
1.200000000000000030e-04
2.000000000000000164e-05
6.000000000000000830e-05
2.000000000000000164e-05
0.000000000000000000e+00
0.000000000000000000e+00
0.000000000000000000e+00
0.000000000000000000e+00
0.000000000000000000e+00
0.000000000000000000e+00
0.000000000000000000e+00
0.000000000000000000e+00
2.000000000000000164e-05
0.000000000000000000e+00
0.000000000000000000e+00
0.000000000000000000e+00
0.000000000000000000e+00
0.000000000000000000e+00
0.000000000000000000e+00
0.000000000000000000e+00
0.000000000000000000e+00
0.000000000000000000e+00
0.000000000000000000e+00
0.000000000000000000e+00
0.000000000000000000e+00
0.000000000000000000e+00
0.000000000000000000e+00
0.000000000000000000e+00
0.000000000000000000e+00
0.000000000000000000e+00
0.000000000000000000e+00
0.000000000000000000e+00
0.000000000000000000e+00
0.000000000000000000e+00
0.000000000000000000e+00
0.000000000000000000e+00
0.000000000000000000e+00
0.000000000000000000e+00
0.000000000000000000e+00
0.000000000000000000e+00
0.000000000000000000e+00
0.000000000000000000e+00
0.000000000000000000e+00
0.000000000000000000e+00
0.000000000000000000e+00
0.000000000000000000e+00
0.000000000000000000e+00
0.000000000000000000e+00
0.000000000000000000e+00
0.000000000000000000e+00
0.000000000000000000e+00
0.000000000000000000e+00
0.000000000000000000e+00
0.000000000000000000e+00
0.000000000000000000e+00
0.000000000000000000e+00
0.000000000000000000e+00
0.000000000000000000e+00
0.000000000000000000e+00
0.000000000000000000e+00
0.000000000000000000e+00
0.000000000000000000e+00
0.000000000000000000e+00
0.000000000000000000e+00
0.000000000000000000e+00
0.000000000000000000e+00
0.000000000000000000e+00
0.000000000000000000e+00
0.000000000000000000e+00
0.000000000000000000e+00
0.000000000000000000e+00
0.000000000000000000e+00
0.000000000000000000e+00
0.000000000000000000e+00
0.000000000000000000e+00
0.000000000000000000e+00
0.000000000000000000e+00
0.000000000000000000e+00