8.095769121553839653e-01
8.508878187809651994e-01
8.932516481893219007e-01
9.366708530055313231e-01
9.811479504996364343e-01
1.026685522998281419e+00
1.073286218307477835e+00
1.120952750147290677e+00
1.169687898598262388e+00
1.219494510559861578e+00
1.270375500220816578e+00
1.322333849542220996e+00
1.375372608752308157e+00
1.429494896854464070e+00
1.484703902147799681e+00
1.541002882760463821e+00
1.598395167196298372e+00
1.656884154894771699e+00
1.716473316804109084e+00
1.777166195968665541e+00
1.838966408129391716e+00
1.901877642339250274e+00
1.965903661592121932e+00
2.031048303466840732e+00
2.097315480785499453e+00
2.164709182287175349e+00
2.233233473316207363e+00
2.302892496526504296e+00
2.373690472601468482e+00
2.445631700989207680e+00
2.518720560654823970e+00
2.592961510848592610e+00
2.668359091890904811e+00
2.744917925974555306e+00
2.822642717983941729e+00
2.901538256331965382e+00
2.981609413815056620e+00
3.062861148486039298e+00
3.145298504545771312e+00
3.228926613253615407e+00
3.313750693856976071e+00
3.399776054540343484e+00
3.487008093394542652e+00
3.575452299405746270e+00
3.665114253465502792e+00
3.755999629401503892e+00
3.848114195029966655e+00
3.941463813229536317e+00
4.036054443037563999e+00
4.131892140769039656e+00
4.228983061158431589e+00
4.327333458525117749e+00
4.426949687962722813e+00
4.527838206552964984e+00
4.630005574604233232e+00
4.733458456915715651e+00
4.838203624067359598e+00
4.944247953736198298e+00
5.051598432039664743e+00
5.160262154906434695e+00
5.270246329475153146e+00
5.381558275522062118e+00
5.494205426917409874e+00
5.608195333112172776e+00
5.723535660654745172e+00
5.840234194739051254e+00
5.958298840784085115e+00
6.077737626046142871e+00
6.198558701263692683e+00
6.320770342336587966e+00
6.444380952039299615e+00
6.569399061769608750e+00
6.695833333333345294e+00
6.823692560765834969e+00
6.952985672190967747e+00
7.083721731718717329e+00
7.215909941381964288e+00
7.349559643113338758e+00
7.484680320763253292e+00
7.621281602159958979e+00
7.759373261212252793e+00
7.898965220056317627e+00
8.040067551247238598e+00
8.182690479996763244e+00
8.326844386457482372e+00
8.472539808055802979e+00
8.619787441873139500e+00
8.768598147078334293e+00
8.918982947410937001e+00
9.070953033717326974e+00
9.224519766540998589e+00
9.379694678767682703e+00
9.536489478327197844e+00
9.694916050953279907e+00
9.854986463002285646e+00
1.001671296433310587e+01
1.018010799124883548e+01
1.034518416950223241e+01
1.051195431736650754e+01
1.068043144877291262e+01
1.085062877651668600e+01
1.102255971553327463e+01
1.119623788624654281e+01
1.137167711799062708e+01
1.154889145250731275e+01
1.172789514752098405e+01
1.190870268039306978e+01
1.209132875185769862e+01
1.227578828984116299e+01
1.246209645336697136e+01
1.265026863654881595e+01
1.284032047267353072e+01
1.303226783837693858e+01
1.322612685791421150e+01
1.342191390752796565e+01
1.361964561991610978e+01
1.381933888880249128e+01
1.402101087361289089e+01
1.422467900425897547e+01
1.443036098603355910e+01
1.463807480461986188e+01
1.484783873121793007e+01
1.505967132779109008e+01
1.527359145243655547e+01
1.548961826488256754e+01
1.570777123211624193e+01
1.592807013414549999e+01
1.615053506989870158e+01
1.637518646326617855e+01
1.660204506928722878e+01
1.683113198048694770e+01
1.706246863336685848e+01
1.729607681505434513e+01
1.777019670752913427e+01
1.801075380785021807e+01
1.825367323052748958e+01
1.849897862142128346e+01
1.874669402050186662e+01
1.899684386974252348e+01
1.924945302121158974e+01
1.950454674536955935e+01
1.976215073957726176e+01
2.002229113682099637e+01
2.028499451466231207e+01
2.055028790441770781e+01
2.081819880057635430e+01
2.108875517046262971e+01
2.136198546415106847e+01
2.163791862464135107e+01
2.191658409830154497e+01
2.219801184558784612e+01
2.248223235204950399e+01
2.276927663962775483e+01
2.305917627825826344e+01
2.335196339778622132e+01
2.364767070020474549e+01
2.394633147222633340e+01
2.424797959819824555e+01
2.455264957337301013e+01
2.486037651754574540e+01
2.517119618906962941e+01
2.548514499926300303e+01
2.580226002721946088e+01
2.612257903503619261e+01
2.644614048347275315e+01
2.677298354805592240e+01
2.710314813564490777e+01
2.743667490147276666e+01
2.777360526668034169e+01
2.811398143635939562e+01
2.845784641812224791e+01
2.880524404121677051e+01
2.915621897620485825e+01
2.951081675522463499e+01
3.023106740761607369e+01
3.059681584409064925e+01
3.096637829575193734e+01
3.133980492845929433e+01
3.171714690468483511e+01
3.209845640848375581e+01
3.248378667123818531e+01
3.287319199820278470e+01
3.326672779588128748e+01
3.366445060026499903e+01
3.406641810596623543e+01
3.447268919627876471e+01
3.488332397420163034e+01
3.529838379446238861e+01
3.571793129657807242e+01
3.614203043899367174e+01
3.657074653433992495e+01
3.700414628585387078e+01
3.744229782500783443e+01
3.788527075039430514e+01
3.833313616791632228e+01
3.878596673233613501e+01
3.924383669023509214e+01
3.970682192444371594e+01
4.017499999999999716e+01
4.064845021169912087e+01
4.112725363330014972e+01
4.161149316845754242e+01
4.210125360345057999e+01
4.259662166178456744e+01
4.309768606074398889e+01
4.360453756997981145e+01
4.411726907221821392e+01
4.463597562618191716e+01
4.516075453182001098e+01
4.569170539794654218e+01
4.622893021239433864e+01
4.677253341479460857e+01
4.732262197209934129e+01
4.787930545696955420e+01
4.844269612915828560e+01
4.901290902002477878e+01
4.959006202032309574e+01
5.017427597141534079e+01
5.076567476006976420e+01
5.136438541700933769e+01
5.197053821938948204e+01
5.258426679738938958e+01
5.320570824511457175e+01
5.383500323601774795e+01
5.447229614305659595e+01
5.511773516382054794e+01
5.577147245087073202e+01
5.643366424755078015e+01
5.710447102954347542e+01
5.778405765246083803e+01
5.847259350577487425e+01
5.917025267341257688e+01
5.987721410135925737e+01
6.059366177263355979e+01
6.131978489002096211e+01
6.205577806697483112e+01
6.280184152711989043e+01
6.355818131282025973e+01
6.432500950330118883e+01
6.510254444284773001e+01
6.589101097963308007e+01
6.669064071576735842e+01
6.750167226919469954e+01
6.832435154810741551e+01
6.915893203859045002e+01
7.000567510625542411e+01
7.086485031267639556e+01
7.173673574749177817e+01
7.262161837709771817e+01
7.351979441092078105e+01
7.443156968632611381e+01
7.535726007329327558e+01
7.629719190006704821e+01
7.725170240108357689e+01
7.822114018855862128e+01
7.920586574923179057e+01
8.020625196786470212e+01
8.122268467921502122e+01
8.225556325033123528e+01
8.330530119515887577e+01
8.437232682359525882e+01
8.545708392729837044e+01
8.656003250473459332e+01
8.768164952814400692e+01
8.882242975531785589e+01
8.998288658931403461e+01
9.116355298949127928e+01
9.236498243752045312e+01
9.358774996233633203e+01
9.483245322832559054e+01
9.609971369141328523e+01
9.739017782810842050e+01
9.870451844301440758e+01
1.000434360607885367e+02
1.014076604090738556e+02
1.027979519995104738e+02
1.042151038145837134e+02
1.056599431087822012e+02
1.071333333333333826e+02
1.086361761946574234e+02
1.101694138576579434e+02
1.117340313060437325e+02
1.133310588730790727e+02
1.149615749574938093e+02
1.166267089407756288e+02
1.183276443237257780e+02
1.200656221020203986e+02
1.218419444025959280e+02
1.236579784050082935e+02
1.255151605745353578e+02
1.274150012367294664e+02
1.293590895264493099e+02
1.313490987481335424e+02
1.333867921883142742e+02
1.354740294261495706e+02
1.376127731931909466e+02
1.398050968397717781e+02
1.420531924724373880e+02
1.443593798348531152e+02
1.467261160138120601e+02
1.491560060624653659e+02
1.516518146449868993e+02
1.542164788207700212e+02
1.568531221023105786e+02
1.595650699394711580e+02
1.623558668043491195e+02
1.652292950759856751e+02
1.681893959533261977e+02
1.712404926589503020e+02
1.743872162360869424e+02
1.776345342884740148e+02
1.809877830681384410e+02
1.844527033818914674e+02
1.880354808654008139e+02
1.917427912667829446e+02
1.955818514930227821e+02
1.995604773063283517e+02
2.036871487188907111e+02