1.615627353629319529e+00
1.698069218936250957e+00
1.782612343337371064e+00
1.869261621399339601e+00
1.958022076697158553e+00
2.048898862635649021e+00
2.141897263293143450e+00
2.237022694288961500e+00
2.334280703674317170e+00
2.433676972847215847e+00
2.535217317491075928e+00
2.638907688538831842e+00
2.744754173160331323e+00
2.852762995776145782e+00
2.962940519096449066e+00
3.075293245185318547e+00
3.189827816551667361e+00
3.306551017266666559e+00
3.425469774107515519e+00
3.546591157729626964e+00
3.669922383864940407e+00
3.795470814550077954e+00
3.923243959381415902e+00
4.053249476800346862e+00
4.185495175407029755e+00
4.319989015304897428e+00
4.456739109474224136e+00
4.595753725177659454e+00
4.737041285396956347e+00
4.880610370300179746e+00
5.026469718743013182e+00
5.174628229801766288e+00
5.325094964339846193e+00
5.477879146608835015e+00
5.632990165883323463e+00
5.790437578131060192e+00
5.950231107719281987e+00
6.112380649156644807e+00
6.276896268872611984e+00
6.443788207034440774e+00
6.613066879402191844e+00
6.784742879222702250e+00
6.958826979163845294e+00
7.135330133288255716e+00
7.314263479068990215e+00
7.495638339446561105e+00
7.679466224929123896e+00
7.865758835735609189e+00
8.054528063983489972e+00
8.245785995921785627e+00
8.439544914209761828e+00
8.635817300242720762e+00
8.834615836525484767e+00
9.035953409094810596e+00
9.239843109991150882e+00
9.446298239781393491e+00
9.655332310133180940e+00
9.866959046441809988e+00
1.008119239051101701e+01
1.029804650328869542e+01
1.051753576765825748e+01
1.073967479128764957e+01
1.096447840953586272e+01
1.119196168841987493e+01
1.142213992764142105e+01
1.165502866367650192e+01
1.189064367292754021e+01
1.212900097494087248e+01
1.237011683568927367e+01
1.261400777092310932e+01
1.286069054958931801e+01
1.311018219732118162e+01
1.336250000000002380e+01
1.361766150739018855e+01
1.387568453684905379e+01
1.413658717711382984e+01
1.440038779216674492e+01
1.466710502518013470e+01
1.493675780254371688e+01
1.520936533797572388e+01
1.548494713671916401e+01
1.576352299982614369e+01
1.604511302853136101e+01
1.632973762871786860e+01
1.661741751547550905e+01
1.690817371775666444e+01
1.720202758312828806e+01
1.749900078262614755e+01
1.779911531571056571e+01
1.810239351532760921e+01
1.840885805307839362e+01
1.871853194449779778e+01
1.903143855444637822e+01
1.966704516916510670e+01
1.998979370044571979e+01
2.031587201489421801e+01
2.064530530901907923e+01
2.097811916353104777e+01
2.131433954960468569e+01
2.165399283527629848e+01
2.199710579198208649e+01
2.234370560123998928e+01
2.269381986147849162e+01
2.304747659501614976e+01
2.340470425519589170e+01
2.376553173367801719e+01
2.412998836789523338e+01
2.449810394867492391e+01
2.486990872803228214e+01
2.524543342713879568e+01
2.562470924447045206e+01
2.600776786414115804e+01
2.639464146442493941e+01
2.678536272647304628e+01
2.717996484323021988e+01
2.757848152855606116e+01
2.798094702655665245e+01
2.838739612113162991e+01
2.879786414574338238e+01
2.921238699341375167e+01
2.963100112695450861e+01
3.005374358943747737e+01
3.048065201491228038e+01
3.091176463937672025e+01
3.134712031200795934e+01
3.178675850666124347e+01
3.223071933364352049e+01
3.267904355177015674e+01
3.313177258071197429e+01
3.358894851364134126e+01
3.405061413018513150e+01
3.451681290969464300e+01
3.498758904483931786e+01
3.546298745553574605e+01
3.594305380322069254e+01
3.642783450547706536e+01
3.691737675102554306e+01
3.741172851508990504e+01
3.791093857514889720e+01
3.841505652708497820e+01
3.892413280174248769e+01
3.943821868190682522e+01
3.995736631971682584e+01
4.048162875452521803e+01
4.101105993121816340e+01
4.154571471900957391e+01
4.208564893072411195e+01
4.263091934258399363e+01
4.318158371451450961e+01
4.373770081098510332e+01
4.429933042240213581e+01
4.486653338707078831e+01
4.543937161374375222e+01
4.601790810477551474e+01
4.660220697990069283e+01
4.719233350065750443e+01
4.778835409547595248e+01
4.839033638545225102e+01
4.899834921083213857e+01
4.961246265822601487e+01
5.023274808857890150e+01
5.085927816592187156e+01
5.149212688692770712e+01
5.213136961130122415e+01
5.277708309302870759e+01
5.342934551251732955e+01
5.408823650965352670e+01
5.475383721781155799e+01
5.542623029884496333e+01
5.610549997909432562e+01
5.679173208644558457e+01
5.748501408847677396e+01
5.818543513172929948e+01
5.889308608214400209e+01
5.960805956670296268e+01
6.033045001631906956e+01
6.106035371001785705e+01
6.179786882045827667e+01
6.254309546083942450e+01
6.329613573324472497e+01
6.405709377847379926e+01
6.482607582741809438e+01
6.560319025403629212e+01
6.638854762998833792e+01
6.718226078098933840e+01
6.798444484494942230e+01
6.879521733196389732e+01
6.961469818622565242e+01
7.044300984993208203e+01
7.128027732926312865e+01
7.212662826250945614e+01
7.298219299043442732e+01
7.384710462895667149e+01
7.472149914424402084e+01
7.560551543031395738e+01
7.649929538923935013e+01
7.740298401406469964e+01
7.831672947453884603e+01
7.924068320578157909e+01
8.017499999999999716e+01
8.111983810138087847e+01
8.207535930428970516e+01
8.304172905491185475e+01
8.401911655648164867e+01
8.500769487824710779e+01
8.600764106832978939e+01
8.701913627064421064e+01
8.804236584605091309e+01
8.907751949792496760e+01
9.012479140233153885e+01
9.118438034300844208e+01
9.225648985136818681e+01
9.334132835174007425e+01
9.443910931208623083e+01
9.555005140043644474e+01
9.667437864729970443e+01
9.781232061432450564e+01
9.896411256949356527e+01
1.001299956691530895e+02
1.013102171471958428e+02
1.025050305117292879e+02
1.037146957495843651e+02
1.049394795390340676e+02
1.061796554711153817e+02
1.074355042799682138e+02
1.087073140826275619e+02
1.099953806287321214e+02
1.113000075606362316e+02
1.126215066844401775e+02
1.139601982524865775e+02
1.153164112578978973e+02
1.166904837417672809e+02
1.180827631136491220e+02
1.194936064860355600e+02
1.209233810235443940e+02
1.223724643075900644e+02
1.238412447173542432e+02
1.253301218279237617e+02
1.268395068265181038e+02
1.283698229477827510e+02
1.299215059291927048e+02
1.314950044876685240e+02
1.330907808185849035e+02
1.347093111184239831e+02
1.363510861324085397e+02
1.380166117285373559e+02
1.397064094995402286e+02
1.414210173943704092e+02
1.431609903809621187e+02
1.449269011420985578e+02
1.467193408063614868e+02
1.485389197162712094e+02
1.503862682358752352e+02
1.522620376001960381e+02
1.541669008091319313e+02
1.561015535685796465e+02
1.580667152817587748e+02
1.600631300939278958e+02
1.620915679939281517e+02
1.641528259762366417e+02
1.662477292675012563e+02
1.683771326218232787e+02
1.705419216893875785e+02
1.727430144634000442e+02
1.749813628106769272e+02
1.772579540916642031e+02
1.795738128761232701e+02
1.819300027612311794e+02
1.843276282993952009e+02
1.867678370436917419e+02
1.892518217195022885e+02
1.917808225316505002e+02
1.943561296171398567e+02
1.969790856544786664e+02
1.996510886415363188e+02
2.023735948549470436e+02
2.051481220052458525e+02
2.079762526032171479e+02
2.108596375543649799e+02
2.138000000000000966e+02
2.167991394251812949e+02
2.198589360556994450e+02
2.229813555684394828e+02
2.261684541418572394e+02
2.294223838759692740e+02
2.327453986142298845e+02
2.361398602029798326e+02
2.396082452278652397e+02
2.431531522707686008e+02
2.467773097354459253e+02
2.504835842952924168e+02
2.542749900225210808e+02
2.581546982646688662e+02
2.621260483417947853e+02
2.661925591461879321e+02
2.703579417359437684e+02
2.746261130246194284e+02
2.790012106814860431e+02
2.834876093709438578e+02
2.880899384756527297e+02
2.928131014662695861e+02
2.976622971016344081e+02
3.026430426673758802e+02
3.077611994886182174e+02
3.130230009845114978e+02
3.184350835693117574e+02
3.240045207476961195e+02
3.297388608019203389e+02
3.356461685266441464e+02
3.417350715353165356e+02
3.480148117418361835e+02
3.544953027150816069e+02
3.611871937146981963e+02
3.681019413476826116e+02
3.752518899410954987e+02
3.826503619119930590e+02
3.903117596379116208e+02
3.982516805982545520e+02
4.064870478789561048e+02