[
1.035077631471037485e-03,
4.141242414143708750e-03,
9.321292344437971319e-03,
1.657989853314658507e-02,
2.592361692081519495e-02,
3.736090475978084274e-02,
5.090214194438937717e-02,
6.655965729518527330e-02,
8.434775992803690559e-02,
1.042827758656904164e-01,
1.263830900768044274e-01,
1.506691941567145643e-01,
1.771637398952879972e-01,
2.058915990103508398e-01,
2.368799293607866119e-01,
2.701582479916604385e-01,
3.057585114054163222e-01,
3.437152034980817117e-01,
3.840654316488591458e-01,
4.268490315049123240e-01,
4.721086810624511854e-01,
5.198900247098792171e-01,
5.702418079703072129e-01,
6.232160237597657026e-01,
6.788680710649389605e-01,
7.372569270414014442e-01,
7.984453336413095403e-01,
8.625000000000014877e-01,
9.294918219452810160e-01,
9.994961201437065901e-01,
1.072592898566707476e+00,
1.148867125148764323e+00,
1.228409036722918568e+00,
1.311314470559121981e+00,
1.397685225102024864e+00,
1.487629452812080810e+00,
1.581262088361618190e+00,
1.678705315833246114e+00,
1.780089079018118081e+00,
1.885551639425209425e+00,
1.995240187200181259e+00,
2.109311510825201630e+00,
2.227932732244088054e+00,
2.351282114946602331e+00,
2.479549953572370402e+00,
2.612939554782263585e+00,
2.751668320522259847e+00,
2.895968946405879318e+00,
3.046090749808576081e+00,
3.202301144450510062e+00,
3.364887280804288672e+00,
3.534157874676330913e+00,
3.710445249864263495e+00,
3.894107625000950090e+00,
4.085531679694935470e+00,
4.285135441037601467e+00,
4.493371538680608346e+00,
4.710730885257226497e+00,
4.937746849258667581e+00,
5.174999999999999822e+00,
5.423123519548394000e+00,
5.682809395114605699e+00,
5.954815528292240145e+00,
6.239973925784545905e+00,
6.539200171334437428e+00,
6.853504422363855930e+00,
7.184004229825911914e+00,
7.531939549281517543e+00,
7.898690399648002014e+00,
8.285797739379804128e+00,
8.694988276119042681e+00,
9.128204116194160278e+00,
9.587638410124148081e+00,
1.007577848104022067e+01,
1.059545836516401174e+01,
1.114992329090234158e+01,
1.174290943921885066e+01,
1.237874345620569372e+01,
1.306246776893484096e+01,
1.380000000000000604e+01,
1.459833801289817501e+01,
1.546582686690617514e+01,
1.641251104916179315e+01,
1.745060615507962609e+01,
1.859514102415344894e+01,
1.986484823640286024e+01,
2.128342506579280169e+01,
2.288136191519236107e+01,
2.469866695222406250e+01,
2.678905691120629129e+01,
2.922664776517709839e+01,
3.211712257876228449e+01,
3.561740964536264187e+01,
3.997277451221683009e+01,
4.559305567530606140e+01,
5.322857142857142065e+01,
6.444842222323673298e+01,
8.332141387932833254e+01,
]
