[
3.203740282528955152e-02,
1.281784548184480288e-01,
2.885097586995848951e-01,
5.131758932457496369e-01,
8.023797759017534670e-01,
1.156383172927129888e+00,
1.575507359602428714e+00,
2.060133933769333403e+00,
2.610705786758127811e+00,
3.227728236577190657e+00,
3.911770329092203013e+00,
4.663466313826425846e+00,
5.483517301976378100e+00,
6.372693115262404895e+00,
7.331834335336037789e+00,
8.361854564650089472e+00,
9.463742910987933854e+00,
1.063856670923772718e+01,
1.188747449552773361e+01,
1.321169925049262339e+01,
1.461256193027596417e+01,
1.609147530587534192e+01,
1.764994813365100867e+01,
1.928958968226482540e+01,
2.101211464402446438e+01,
2.281934846161477637e+01,
2.471323310454043565e+01,
2.669583333333337904e+01,
2.876934349373630440e+01,
3.093609488773298466e+01,
3.319856377351156596e+01,
3.555938005230981958e+01,
3.802133670668472831e+01,
4.058740006218499019e+01,
4.326072095279552343e+01,
4.604464688003382378e+01,
4.894273526634245286e+01,
5.195876791566959696e+01,
5.509676680806320093e+01,
5.836101137100153835e+01,
6.175605738836502923e+01,
6.528675772877809891e+01,
6.895828509897523872e+01,
7.277615705537624535e+01,
7.674626353883175511e+01,
8.087489723425103705e+01,
8.516878709944985815e+01,
8.963513545711336405e+01,
9.428165910156302232e+01,
9.911663493958656090e+01,
1.041489507638312944e+02,
1.093881618504891406e+02,
1.148445541829967880e+02,
1.205292152337250542e+02,
1.264541133903644976e+02,
1.326321872982024672e+02,
1.390774466102737108e+02,
1.458050859026234605e+02,
1.528316138318854200e+02,
1.601750000000000114e+02,
1.678548424625437860e+02,
1.758925593937163114e+02,
1.843116091293158547e+02,
1.931377436835825563e+02,
2.023993019214480285e+02,
2.121275499231170159e+02,
2.223570777801672591e+02,
2.331262642137520800e+02,
2.444778231427282833e+02,
2.564594498367459323e+02,
2.691245888168826355e+02,
2.825333515577584080e+02,
2.967536197761614289e+02,
3.118623803286217253e+02,
3.279473514280474546e+02,
3.451089783807308891e+02,
3.634629023047110081e+02,
3.831430402121250154e+02,
4.043054637466933627e+02,
4.271333333333335531e+02,
4.518432446794135444e+02,
4.786934914795548366e+02,
5.079949675941043665e+02,
5.401257663555322779e+02,
5.755510557572520156e+02,
6.148506408243146097e+02,
6.587579922537896664e+02,
7.082168395682967912e+02,
7.644655032024132879e+02,
8.291666069086894595e+02,
9.046141653695152627e+02,
9.940792481262316187e+02,
1.102419051197287217e+03,
1.237224957969918933e+03,
1.411182162858386164e+03,
1.647514285714285506e+03,
1.994787638571390289e+03,
2.578938641182882293e+03,
]
