1.400000000000000148e-04
2.200000000000000078e-04
1.800000000000000113e-04
2.800000000000000297e-04
2.800000000000000297e-04
2.200000000000000078e-04
3.800000000000000209e-04
2.200000000000000078e-04
2.200000000000000078e-04
1.800000000000000113e-04
1.000000000000000048e-04
3.200000000000000262e-04
2.600000000000000314e-04
4.600000000000000139e-04
1.800000000000000113e-04
4.400000000000000157e-04
4.200000000000000174e-04
4.400000000000000157e-04
2.600000000000000314e-04
2.400000000000000061e-04
5.000000000000000104e-04
3.400000000000000244e-04
5.000000000000000104e-04
4.800000000000000122e-04
6.600000000000004301e-04
4.200000000000000174e-04
3.400000000000000244e-04
4.600000000000000139e-04
4.800000000000000122e-04
7.600000000000006924e-04
6.600000000000004301e-04
5.200000000000000629e-04
8.200000000000005245e-04
7.600000000000005839e-04
8.600000000000006294e-04
9.400000000000006224e-04
1.060000000000000829e-03
7.800000000000004196e-04
1.220000000000001032e-03
1.260000000000001570e-03
1.340000000000001346e-03
1.360000000000001399e-03
1.680000000000001804e-03
2.060000000000001934e-03
1.960000000000001671e-03
2.200000000000001867e-03
2.760000000000002469e-03
3.040000000000003203e-03
3.360000000000003609e-03
2.700000000000002311e-03
3.460000000000003437e-03
3.960000000000004315e-03
4.680000000000003602e-03
4.600000000000003392e-03
5.600000000000005147e-03
5.440000000000005595e-03
6.060000000000005486e-03
7.320000000000007924e-03
8.180000000000001506e-03
8.439999999999996116e-03
1.039999999999998911e-02
9.819999999999990195e-03
1.117999999999997815e-02
1.387999999999998610e-02
1.447999999999998073e-02
1.673999999999998406e-02
1.827999999999998029e-02
1.979999999999997734e-02
2.157999999999998808e-02
2.199999999999996750e-02
2.447999999999998441e-02
2.805999999999999120e-02
3.113999999999999407e-02
3.327999999999998321e-02
3.729999999999997901e-02
3.989999999999999797e-02
4.154000000000000054e-02
4.494000000000000078e-02
4.972000000000000725e-02
5.142000000000003512e-02
5.738000000000000739e-02
5.930000000000002630e-02
6.251999999999999225e-02
6.581999999999997575e-02
7.131999999999996676e-02
7.429999999999997717e-02
7.459999999999997189e-02
7.794000000000006478e-02
7.960000000000001796e-02
7.993999999999999717e-02
7.986000000000005594e-02
7.652000000000001856e-02
7.686000000000002552e-02
7.442000000000001392e-02
7.244000000000000439e-02
6.629999999999998395e-02
6.049999999999999128e-02
5.542000000000000398e-02
5.031999999999998280e-02
4.150000000000001604e-02
3.848000000000000032e-02
3.295999999999999625e-02
2.670000000000000845e-02
2.151999999999999746e-02
1.747999999999999207e-02
1.395999999999999845e-02
1.053999999999999729e-02
6.400000000000001174e-03
4.660000000000000947e-03
3.360000000000000139e-03
2.120000000000000356e-03
1.160000000000000224e-03
6.000000000000000559e-04
3.200000000000000262e-04
2.000000000000000367e-04
1.800000000000000113e-04
4.000000000000000327e-05
0.000000000000000000e+00
0.000000000000000000e+00
0.000000000000000000e+00
0.000000000000000000e+00
0.000000000000000000e+00
0.000000000000000000e+00
0.000000000000000000e+00
0.000000000000000000e+00
0.000000000000000000e+00
0.000000000000000000e+00
0.000000000000000000e+00
0.000000000000000000e+00
0.000000000000000000e+00
0.000000000000000000e+00
0.000000000000000000e+00
0.000000000000000000e+00
0.000000000000000000e+00
0.000000000000000000e+00
0.000000000000000000e+00
0.000000000000000000e+00
0.000000000000000000e+00
0.000000000000000000e+00
0.000000000000000000e+00
0.000000000000000000e+00
0.000000000000000000e+00
0.000000000000000000e+00
0.000000000000000000e+00
0.000000000000000000e+00
0.000000000000000000e+00
0.000000000000000000e+00
0.000000000000000000e+00
0.000000000000000000e+00
0.000000000000000000e+00
0.000000000000000000e+00
0.000000000000000000e+00
0.000000000000000000e+00
0.000000000000000000e+00
0.000000000000000000e+00
0.000000000000000000e+00
0.000000000000000000e+00
0.000000000000000000e+00
0.000000000000000000e+00
0.000000000000000000e+00
0.000000000000000000e+00
0.000000000000000000e+00
0.000000000000000000e+00
0.000000000000000000e+00
0.000000000000000000e+00
0.000000000000000000e+00
0.000000000000000000e+00
0.000000000000000000e+00
0.000000000000000000e+00
0.000000000000000000e+00
0.000000000000000000e+00
0.000000000000000000e+00
0.000000000000000000e+00
0.000000000000000000e+00
0.000000000000000000e+00
0.000000000000000000e+00
0.000000000000000000e+00
0.000000000000000000e+00
0.000000000000000000e+00
0.000000000000000000e+00
0.000000000000000000e+00
0.000000000000000000e+00
0.000000000000000000e+00
0.000000000000000000e+00
0.000000000000000000e+00
0.000000000000000000e+00
0.000000000000000000e+00
0.000000000000000000e+00
0.000000000000000000e+00
0.000000000000000000e+00
0.000000000000000000e+00
0.000000000000000000e+00
0.000000000000000000e+00
0.000000000000000000e+00
0.000000000000000000e+00
0.000000000000000000e+00
0.000000000000000000e+00
0.000000000000000000e+00
0.000000000000000000e+00
0.000000000000000000e+00
0.000000000000000000e+00
0.000000000000000000e+00
0.000000000000000000e+00
0.000000000000000000e+00
0.000000000000000000e+00
0.000000000000000000e+00
0.000000000000000000e+00
0.000000000000000000e+00
0.000000000000000000e+00
0.000000000000000000e+00
0.000000000000000000e+00
0.000000000000000000e+00
0.000000000000000000e+00
0.000000000000000000e+00
0.000000000000000000e+00
0.000000000000000000e+00
0.000000000000000000e+00
0.000000000000000000e+00
0.000000000000000000e+00
0.000000000000000000e+00
0.000000000000000000e+00
0.000000000000000000e+00
0.000000000000000000e+00
0.000000000000000000e+00
0.000000000000000000e+00
0.000000000000000000e+00
0.000000000000000000e+00
0.000000000000000000e+00
0.000000000000000000e+00
0.000000000000000000e+00
0.000000000000000000e+00
0.000000000000000000e+00
0.000000000000000000e+00
0.000000000000000000e+00
0.000000000000000000e+00
0.000000000000000000e+00
0.000000000000000000e+00
0.000000000000000000e+00
0.000000000000000000e+00
0.000000000000000000e+00
0.000000000000000000e+00
0.000000000000000000e+00
0.000000000000000000e+00
0.000000000000000000e+00
0.000000000000000000e+00
0.000000000000000000e+00
0.000000000000000000e+00
0.000000000000000000e+00
0.000000000000000000e+00
0.000000000000000000e+00
0.000000000000000000e+00
0.000000000000000000e+00
0.000000000000000000e+00
0.000000000000000000e+00
0.000000000000000000e+00
0.000000000000000000e+00
0.000000000000000000e+00
0.000000000000000000e+00
0.000000000000000000e+00
0.000000000000000000e+00
0.000000000000000000e+00
0.000000000000000000e+00
0.000000000000000000e+00
0.000000000000000000e+00
0.000000000000000000e+00
0.000000000000000000e+00
0.000000000000000000e+00
0.000000000000000000e+00
0.000000000000000000e+00
0.000000000000000000e+00
0.000000000000000000e+00
0.000000000000000000e+00
0.000000000000000000e+00
0.000000000000000000e+00
0.000000000000000000e+00
0.000000000000000000e+00
0.000000000000000000e+00
0.000000000000000000e+00
0.000000000000000000e+00
0.000000000000000000e+00
0.000000000000000000e+00
0.000000000000000000e+00
0.000000000000000000e+00
0.000000000000000000e+00
0.000000000000000000e+00
0.000000000000000000e+00
0.000000000000000000e+00
0.000000000000000000e+00
0.000000000000000000e+00
0.000000000000000000e+00
0.000000000000000000e+00
0.000000000000000000e+00
0.000000000000000000e+00
0.000000000000000000e+00
0.000000000000000000e+00
0.000000000000000000e+00
0.000000000000000000e+00
0.000000000000000000e+00
0.000000000000000000e+00
0.000000000000000000e+00
0.000000000000000000e+00
0.000000000000000000e+00
0.000000000000000000e+00
0.000000000000000000e+00
0.000000000000000000e+00
0.000000000000000000e+00
0.000000000000000000e+00
0.000000000000000000e+00
0.000000000000000000e+00
0.000000000000000000e+00
0.000000000000000000e+00
0.000000000000000000e+00
0.000000000000000000e+00
0.000000000000000000e+00
0.000000000000000000e+00
0.000000000000000000e+00
0.000000000000000000e+00
0.000000000000000000e+00