5.390462327356944361e-02
5.665525613538473226e-02
5.947599648802578964e-02
6.236700763633593741e-02
6.532845718945930191e-02
6.836051708824897322e-02
7.146336363341639075e-02
7.463717751447423998e-02
7.788214383946115427e-02
8.119845216546682509e-02
8.458629652994859027e-02
8.804587548289835586e-02
9.157739211978654925e-02
9.518105411538746452e-02
9.885707375844093869e-02
1.026056679871621830e-01
1.064270584256402780e-01
1.103214714211204484e-01
1.142891380821653285e-01
1.183302943177643035e-01
1.224451808773148048e-01
1.266340433915991159e-01
1.308971324146590287e-01
1.352347034666782355e-01
1.396470170778148501e-01
1.441343388330601771e-01
1.486969394180673310e-01
1.533350946660460012e-01
1.580490856056982751e-01
1.628391985101712569e-01
1.677057249471475830e-01
1.726489618299934248e-01
1.776692114700229308e-01
1.827667816299174963e-01
1.879419855782711590e-01
1.931951421453144413e-01
1.985265757798450881e-01
2.039366166073467435e-01
2.094256004893574885e-01
2.149938690840926259e-01
2.206417699083363104e-01
2.263696564006327239e-01
2.321778879858220901e-01
2.380668301408928600e-01
2.440368544622332214e-01
2.500883387342631714e-01
2.562216669995061591e-01
2.624372296300936380e-01
2.687354234007587883e-01
2.751166515633398646e-01
2.815813239228077691e-01
2.881298569148647015e-01
2.947626736851346463e-01
3.014802041699858881e-01
3.082828851789999880e-01
3.151711604791422316e-01
3.221454808806518133e-01
3.292063043246877818e-01
3.363540959727716606e-01
3.435893282980637120e-01
3.509124811784949949e-01
3.583240419918236608e-01
3.658245057126091049e-01
3.734143750112026150e-01
3.810941603547340906e-01
3.888643801101919761e-01
3.967255606495936338e-01
4.046782364573350277e-01
4.127229502397107286e-01
4.208602530367236971e-01
4.290907043361574802e-01
4.374148721900112946e-01
4.458333333333341364e-01
4.543466733055036566e-01
4.629554865740096448e-01
4.716603766607981862e-01
4.804619562712322267e-01
4.893608474257170604e-01
4.983576815940684579e-01
5.074530998326792774e-01
5.166477529245245837e-01
5.259423015221070807e-01
5.353374162933755009e-01
5.448337780707240841e-01
5.544320780030805862e-01
5.641330177112451327e-01
5.739373094464380598e-01
5.838456762522599153e-01
5.938588521300375289e-01
6.039775822076876022e-01
6.142026229121884118e-01
6.245347421457013715e-01
6.349747194654700166e-01
6.455233462675799005e-01
6.561814259746386879e-01
6.669497742275311003e-01
6.778292190812851281e-01
6.888206012051891758e-01
6.999247740872535095e-01
7.111426042431250316e-01
7.224749714295490843e-01
7.339227688625141743e-01
7.454869034401867545e-01
7.571682959707510818e-01
7.689678814052784972e-01
7.808866090757593525e-01
7.929254429384308134e-01
8.050853618225101149e-01
8.173673596845079103e-01
8.297724458682427251e-01
8.423016453707051765e-01
8.549559991139189519e-01
8.677365642229821763e-01
8.806444143104048550e-01
8.936806397669522228e-01
9.068463480591311132e-01
9.201426640335199636e-01
9.335707302281139874e-01
9.471317071908588181e-01
9.608267738055946694e-01
9.746571276255913130e-01
9.886239852148839269e-01
1.002728582497602217e+00
1.016972175115564037e+00
1.031356038794296603e+00
1.045881469717758527e+00
1.060549784911990479e+00
1.075362322637934742e+00
1.090320442793703215e+00
1.105425527326529878e+00
1.120678980654700396e+00
1.136082230099722201e+00
1.151636726329069660e+00
1.167343943809731055e+00
1.183205381272941947e+00
1.199222562190400243e+00
1.215397035262253400e+00
1.231730374917285209e+00
1.248224181825575263e+00
1.264880083424051005e+00
1.281699734455283179e+00
1.298684817519939472e+00
1.315837043643289794e+00
1.333158152856158463e+00
1.350649914790832185e+00
1.368314129292280468e+00
1.386152627045221131e+00
1.404167270217486996e+00
1.422359953120201803e+00
1.440732602885267388e+00
1.459287180160712794e+00
1.478025679824455541e+00
1.496950131717048604e+00
1.516062601394007281e+00
1.535365190898341003e+00
1.554860039553905393e+00
1.574549324780278647e+00
1.594435262929818187e+00
1.614520110147611875e+00
1.634806163255079214e+00
1.655295760657992998e+00
1.675991283279682831e+00
1.696895155520312004e+00
1.718009846242988470e+00
1.739337869787724200e+00
1.760881787014054067e+00
1.782644206373356299e+00
1.804627785011826191e+00
1.826835229905156455e+00
1.849269299026009117e+00
1.871932802545398511e+00
1.894828604069122902e+00
1.917959621910513057e+00
1.941328830400696592e+00
1.964939261237732326e+00
1.988794004875964250e+00
2.012896211957012849e+00
2.037249094783882608e+00
2.061855928839736674e+00
2.086720054352920961e+00
2.111844877909942575e+00
2.137233874118084742e+00
2.162890587319530766e+00
2.188818633358866617e+00
2.215021701405909926e+00
2.241503555835939743e+00
2.268268038169500400e+00
2.295319069073944007e+00
2.322660650429106521e+00
2.350296867459536809e+00
2.378231890935813997e+00
2.406469979447618535e+00
2.435015481751320099e+00
2.463872839194999997e+00
2.493046588223919446e+00
2.522541362969626721e+00
2.552361897925978340e+00
2.582513030715598124e+00
2.612999704950313973e+00
2.643826973189469687e+00
2.674999999999999822e+00
2.706524065122468237e+00
2.738404566747427271e+00
2.770647024906631284e+00
2.803257084983952652e+00
2.836240521350932298e+00
2.869603241132300475e+00
2.903351288106932326e+00
2.937490846750062001e+00
2.972028246422816267e+00
3.006969965715458493e+00
3.042322636951014125e+00
3.078093050856375079e+00
3.114288161408227840e+00
3.150915090861623913e+00
3.187981134969347874e+00
3.225493768400707228e+00
3.263460650368793736e+00
3.301889630475774773e+00
3.340788754786211623e+00
3.380166272139057071e+00
3.420030640709396330e+00
3.460390534831782716e+00
3.501254852097488879e+00
3.542632720738804419e+00
3.584533507314187517e+00
3.626966824708808712e+00
3.669942540465961134e+00
3.713470785465568191e+00
3.757561962966978086e+00
3.802226758034319865e+00
3.847476147363602550e+00
3.893321409531992128e+00
3.939774135690818913e+00
3.986846240725227197e+00
4.034549974904662051e+00
4.082897936049933563e+00
4.131903082244123837e+00
4.181578745116258489e+00
4.231938643728542893e+00
4.282996899099705601e+00
4.334768049399320589e+00
4.387267065849869141e+00
4.440509369375922333e+00
4.494510848042210682e+00
4.549287875325136454e+00
4.604857329265199972e+00
4.661236612550921699e+00
4.718443673588285314e+00
4.776497028613329476e+00
4.835415784909431913e+00
4.895219665195098102e+00
4.955929033252578719e+00
5.017564920872668921e+00
5.080149056196125557e+00
5.143703893538233984e+00
5.208252644788905705e+00
5.273819312487741939e+00
5.340428724680474915e+00
5.408106571671441820e+00
5.476879444794923835e+00
5.546774877337896648e+00
5.617821387756498197e+00
5.690048525339717500e+00
5.763486918485750898e+00
5.838168325769389710e+00
5.914125689993162460e+00
5.991393195430368301e+00
6.070006328485106906e+00
6.150001942012873535e+00
6.231418323565642403e+00
6.314295267847442439e+00
6.398674153690866007e+00
6.484598025891475714e+00
6.572111682266672972e+00
6.661261766337506884e+00
6.752096866067768488e+00
6.844667619133553593e+00
6.939026825239860585e+00
7.035229566048348815e+00
7.133333333333336412e+00
7.233398166041284938e+00
7.335486796994025838e+00
7.439664810047715626e+00
7.546000808599539589e+00
7.654566596423047820e+00
7.765437371912254250e+00
7.878691936925114270e+00
7.994412921540872574e+00
8.112687026184046246e+00
8.233605282723015506e+00
8.357263336325628345e+00
8.483761750049813699e+00
8.613206334368435080e+00
8.745708504076096901e+00
8.881385665307796273e+00
9.020361635717486948e+00
9.162767101226778621e+00
9.308740113164642338e+00
9.458426630087616971e+00
9.611981109103474807e+00
9.769567152133099341e+00
9.931358213244427802e+00
1.009753837399725995e+01
1.026830319466234620e+01
1.044386065024718846e+01
1.062443216149559078e+01
1.081025373246133015e+01
1.100157720792188165e+01
1.119867166584063689e+01
1.140182496235699006e+01
1.161134544944698277e+01
1.182756388852938301e+01
1.205083558698868096e+01
1.228154278896228213e+01
1.252009735693708059e+01
1.276694378689842857e+01
1.302256260718944425e+01
1.328747422014756374e+01
1.356224325632937422e+01