[
2.850213767818798871e-04,
1.140342114039571975e-03,
2.566732674555383294e-03,
4.565479306228770531e-03,
7.138387268050561292e-03,
1.028778536863530525e-02,
1.401653183975939444e-02,
1.832802157403652307e-02,
2.322619476279277201e-02,
2.871554697750895377e-02,
3.480114074578673222e-02,
4.148861868083444232e-02,
4.878421823203582530e-02,
5.669478813328501787e-02,
6.522780663557893599e-02,
7.439140162089201425e-02,
8.419437270583926547e-02,
9.464621545599352648e-02,
1.057571478453380315e-01,
1.175381391100483036e-01,
1.300009411621242394e-01,
1.431581227461986017e-01,
1.570231065425483630e-01,
1.716102094410948964e-01,
1.869346862352730398e-01,
2.030127770114004138e-01,
2.198617585389113227e-01,
2.375000000000004330e-01,
2.559470234342078321e-01,
2.752235693149336915e-01,
2.953516677212673081e-01,
3.163547156206741873e-01,
3.382575608367456299e-01,
3.610865933423668683e-01,
3.848698445933111945e-01,
4.096370957018773407e-01,
4.354199953459528816e-01,
4.622521884178503182e-01,
4.901694565412209603e-01,
5.192098717257823681e-01,
5.494139645913541647e-01,
5.808249087779541187e-01,
6.134887233715604626e-01,
6.474544954200788238e-01,
6.827746248967396792e-01,
7.195050947951161513e-01,
7.577057694191730031e-01,
7.974407243726333583e-01,
8.387786122661297084e-01,
8.817930687617345775e-01,
9.265631642794418532e-01,
9.731739075195693367e-01,
1.021716807933637616e+00,
1.072290505435044228e+00,
1.125001477017445906e+00,
1.179964831590064156e+00,
1.237305206303355831e+00,
1.297157779998366900e+00,
1.359669422259633276e+00,
1.425000000000000044e+00,
1.493323867701731755e+00,
1.564831572567789930e+00,
1.639731812138442768e+00,
1.718253689708787890e+00,
1.800649322541366670e+00,
1.887196869926279108e+00,
1.978204063285396108e+00,
2.074012339657229198e+00,
2.175001704250899337e+00,
2.281596478959655894e+00,
2.394272134003794239e+00,
2.513563452285348276e+00,
2.640074344816794039e+00,
2.774489726663248668e+00,
2.917589984610380327e+00,
3.070268732277456447e+00,
3.233554773118234582e+00,
3.408639502433452151e+00,
3.596911414634231807e+00,
3.800000000000001599e+00,
4.019832206450222323e+00,
4.258705948858222179e+00,
4.519387100493826637e+00,
4.805239376036418264e+00,
5.120401151578486854e+00,
5.470030673792091847e+00,
5.860653278986423409e+00,
6.300664875197895753e+00,
6.801082204235611606e+00,
7.376696830622022638e+00,
8.047917500556012627e+00,
8.843845347775120658e+00,
9.807692511041887329e+00,
1.100699588017564778e+01,
1.255460953377992794e+01,
1.465714285714285481e+01,
1.774666698900722039e+01,
2.294357773488751207e+01,
]
