1.000000000000000048e-04
2.000000000000000164e-05
8.000000000000000654e-05
1.600000000000000131e-04
1.600000000000000131e-04
0.000000000000000000e+00
1.400000000000000148e-04
4.000000000000000327e-05
1.000000000000000048e-04
1.600000000000000131e-04
4.000000000000000327e-05
1.000000000000000048e-04
8.000000000000000654e-05
1.800000000000000113e-04
8.000000000000000654e-05
2.200000000000000078e-04
8.000000000000000654e-05
1.200000000000000030e-04
1.600000000000000131e-04
2.000000000000000096e-04
2.800000000000000297e-04
1.400000000000000148e-04
1.200000000000000030e-04
1.800000000000000113e-04
1.200000000000000030e-04
8.000000000000000654e-05
1.600000000000000131e-04
1.400000000000000148e-04
1.000000000000000048e-04
3.000000000000000279e-04
3.000000000000000279e-04
2.200000000000000078e-04
1.800000000000000113e-04
2.200000000000000078e-04
1.400000000000000148e-04
1.800000000000000113e-04
2.200000000000000078e-04
1.600000000000000131e-04
2.400000000000000061e-04
2.200000000000000078e-04
2.000000000000000096e-04
2.000000000000000096e-04
1.800000000000000113e-04
2.600000000000000314e-04
3.200000000000000262e-04
2.200000000000000078e-04
2.400000000000000061e-04
3.200000000000000262e-04
2.600000000000000314e-04
4.200000000000000174e-04
2.400000000000000061e-04
3.800000000000000209e-04
2.800000000000000297e-04
2.200000000000000078e-04
3.000000000000000279e-04
4.400000000000000157e-04
3.000000000000000279e-04
4.000000000000000192e-04
3.200000000000000262e-04
3.200000000000000262e-04
3.800000000000000209e-04
4.800000000000000122e-04
3.600000000000000227e-04
4.000000000000000192e-04
4.600000000000000139e-04
5.000000000000000104e-04
6.200000000000003252e-04
4.800000000000000122e-04
7.600000000000003671e-04
7.400000000000006399e-04
7.800000000000007448e-04
7.800000000000005280e-04
8.600000000000006294e-04
7.400000000000005315e-04
1.000000000000000888e-03
8.600000000000006294e-04
8.600000000000005210e-04
9.200000000000007868e-04
8.400000000000006854e-04
9.200000000000005699e-04
1.220000000000000815e-03
1.180000000000000927e-03
1.020000000000000724e-03
1.320000000000001294e-03
1.200000000000000979e-03
1.380000000000001234e-03
1.580000000000001542e-03
1.460000000000001661e-03
1.220000000000001248e-03
1.980000000000001724e-03
1.860000000000001626e-03
2.080000000000001986e-03
2.120000000000002525e-03
2.140000000000002577e-03
2.360000000000001853e-03
2.700000000000002311e-03
2.500000000000002654e-03
2.900000000000002836e-03
2.820000000000002626e-03
3.380000000000002794e-03
3.520000000000004462e-03
3.300000000000002584e-03
4.180000000000004892e-03
4.260000000000003367e-03
5.200000000000003231e-03
4.800000000000004784e-03
5.920000000000005987e-03
5.700000000000004542e-03
6.280000000000005196e-03
6.640000000000007008e-03
7.080000000000006427e-03
7.780000000000009998e-03
8.959999999999992276e-03
8.879999999999986862e-03
9.139999999999983207e-03
1.053999999999997994e-02
1.121999999999997825e-02
1.159999999999998359e-02
1.303999999999998216e-02
1.487999999999999046e-02
1.559999999999999061e-02
1.627999999999999239e-02
1.729999999999998900e-02
1.903999999999998749e-02
2.081999999999997394e-02
2.119999999999998275e-02
2.469999999999998239e-02
2.509999999999999384e-02
2.743999999999998524e-02
2.873999999999998778e-02
3.231999999999998069e-02
3.371999999999999997e-02
3.591999999999997278e-02
4.120000000000000051e-02
4.433999999999996972e-02
4.988000000000000073e-02
5.128000000000001307e-02
5.450000000000000677e-02
5.768000000000001598e-02
6.107999999999998847e-02
6.439999999999998503e-02
6.759999999999997955e-02
7.043999999999998873e-02
7.381999999999996898e-02
7.457999999999996577e-02
7.936000000000004162e-02
8.045999999999996211e-02
8.387999999999995460e-02
8.706000000000001238e-02
8.682000000000003603e-02
8.981999999999999706e-02
9.070000000000005835e-02
8.959999999999998521e-02
9.088000000000000245e-02
8.252000000000003777e-02
8.555999999999998329e-02
7.888000000000000567e-02
8.168000000000001648e-02
8.104000000000001480e-02
7.545999999999999930e-02
7.295999999999999708e-02
6.921999999999998987e-02
6.316000000000002168e-02
5.969999999999998225e-02
5.361999999999999406e-02
5.019999999999999463e-02
4.699999999999999317e-02
4.287999999999999451e-02
3.797999999999998599e-02
3.252000000000000723e-02
2.825999999999999346e-02
2.553999999999999673e-02
2.219999999999999751e-02
1.945999999999999466e-02
1.312000000000000319e-02
1.199999999999999852e-02
9.419999999999999554e-03
7.640000000000000957e-03
5.660000000000000100e-03
4.380000000000001080e-03
3.860000000000000150e-03
2.480000000000001301e-03
2.120000000000000790e-03
1.660000000000000451e-03
1.040000000000000126e-03
8.800000000000002482e-04
4.400000000000000157e-04
4.000000000000000192e-04
4.400000000000000157e-04
3.000000000000000279e-04
2.000000000000000096e-04
6.000000000000000830e-05
6.000000000000000830e-05
4.000000000000000327e-05
2.000000000000000164e-05
0.000000000000000000e+00
0.000000000000000000e+00
0.000000000000000000e+00
0.000000000000000000e+00
0.000000000000000000e+00
0.000000000000000000e+00
0.000000000000000000e+00
0.000000000000000000e+00
0.000000000000000000e+00
0.000000000000000000e+00
0.000000000000000000e+00
0.000000000000000000e+00
0.000000000000000000e+00
0.000000000000000000e+00
0.000000000000000000e+00
0.000000000000000000e+00
0.000000000000000000e+00
0.000000000000000000e+00
0.000000000000000000e+00
0.000000000000000000e+00
0.000000000000000000e+00
0.000000000000000000e+00
0.000000000000000000e+00
0.000000000000000000e+00
0.000000000000000000e+00
0.000000000000000000e+00
0.000000000000000000e+00
0.000000000000000000e+00
0.000000000000000000e+00
0.000000000000000000e+00
0.000000000000000000e+00
0.000000000000000000e+00
0.000000000000000000e+00
0.000000000000000000e+00
0.000000000000000000e+00
0.000000000000000000e+00
0.000000000000000000e+00
0.000000000000000000e+00
0.000000000000000000e+00
0.000000000000000000e+00
0.000000000000000000e+00
0.000000000000000000e+00
0.000000000000000000e+00
0.000000000000000000e+00
0.000000000000000000e+00
0.000000000000000000e+00
0.000000000000000000e+00
0.000000000000000000e+00
0.000000000000000000e+00
0.000000000000000000e+00
0.000000000000000000e+00
0.000000000000000000e+00
0.000000000000000000e+00
0.000000000000000000e+00
0.000000000000000000e+00
0.000000000000000000e+00
0.000000000000000000e+00
0.000000000000000000e+00
0.000000000000000000e+00
0.000000000000000000e+00
0.000000000000000000e+00
0.000000000000000000e+00
0.000000000000000000e+00
0.000000000000000000e+00
0.000000000000000000e+00
0.000000000000000000e+00
0.000000000000000000e+00
0.000000000000000000e+00
0.000000000000000000e+00
0.000000000000000000e+00
0.000000000000000000e+00
0.000000000000000000e+00
0.000000000000000000e+00
0.000000000000000000e+00
0.000000000000000000e+00
0.000000000000000000e+00
0.000000000000000000e+00
0.000000000000000000e+00
0.000000000000000000e+00
0.000000000000000000e+00
0.000000000000000000e+00
0.000000000000000000e+00
0.000000000000000000e+00
0.000000000000000000e+00
0.000000000000000000e+00
0.000000000000000000e+00
0.000000000000000000e+00
0.000000000000000000e+00
0.000000000000000000e+00
0.000000000000000000e+00
0.000000000000000000e+00
0.000000000000000000e+00
0.000000000000000000e+00
0.000000000000000000e+00
0.000000000000000000e+00
0.000000000000000000e+00
0.000000000000000000e+00
0.000000000000000000e+00
0.000000000000000000e+00
0.000000000000000000e+00
0.000000000000000000e+00
0.000000000000000000e+00
0.000000000000000000e+00
0.000000000000000000e+00
0.000000000000000000e+00
0.000000000000000000e+00
0.000000000000000000e+00
0.000000000000000000e+00
0.000000000000000000e+00
0.000000000000000000e+00
0.000000000000000000e+00
0.000000000000000000e+00
0.000000000000000000e+00
0.000000000000000000e+00
0.000000000000000000e+00
0.000000000000000000e+00
0.000000000000000000e+00
0.000000000000000000e+00
0.000000000000000000e+00
0.000000000000000000e+00
0.000000000000000000e+00
0.000000000000000000e+00
0.000000000000000000e+00