6.000000000000000830e-05
1.600000000000000131e-04
8.000000000000000654e-05
4.000000000000000327e-05
6.000000000000000830e-05
6.000000000000000830e-05
1.400000000000000148e-04
4.000000000000000327e-05
0.000000000000000000e+00
1.000000000000000048e-04
6.000000000000000830e-05
1.200000000000000030e-04
2.000000000000000164e-05
4.000000000000000327e-05
4.000000000000000327e-05
4.000000000000000327e-05
6.000000000000000830e-05
1.200000000000000030e-04
2.000000000000000164e-05
8.000000000000000654e-05
1.000000000000000048e-04
8.000000000000000654e-05
4.000000000000000327e-05
6.000000000000000830e-05
4.000000000000000327e-05
8.000000000000000654e-05
2.000000000000000164e-05
1.200000000000000030e-04
4.000000000000000327e-05
4.000000000000000327e-05
6.000000000000000830e-05
4.000000000000000327e-05
8.000000000000000654e-05
4.000000000000000327e-05
1.400000000000000148e-04
6.000000000000000830e-05
4.000000000000000327e-05
4.000000000000000327e-05
0.000000000000000000e+00
6.000000000000000830e-05
8.000000000000000654e-05
1.200000000000000030e-04
8.000000000000000654e-05
1.000000000000000048e-04
2.000000000000000164e-05
0.000000000000000000e+00
8.000000000000000654e-05
2.000000000000000164e-05
1.200000000000000030e-04
6.000000000000000830e-05
6.000000000000000830e-05
8.000000000000000654e-05
8.000000000000000654e-05
2.000000000000000164e-05
4.000000000000000327e-05
1.000000000000000048e-04
1.800000000000000113e-04
2.000000000000000164e-05
6.000000000000000830e-05
1.200000000000000166e-04
4.000000000000000327e-05
4.000000000000000327e-05
6.000000000000000830e-05
4.000000000000000327e-05
1.400000000000000148e-04
1.000000000000000048e-04
1.000000000000000183e-04
1.400000000000000148e-04
4.000000000000000327e-05
1.400000000000000148e-04
8.000000000000000654e-05
1.400000000000000148e-04
8.000000000000000654e-05
1.000000000000000048e-04
1.200000000000000030e-04
8.000000000000000654e-05
2.000000000000000164e-05
6.000000000000000830e-05
1.000000000000000183e-04
6.000000000000000830e-05
1.800000000000000113e-04
1.400000000000000148e-04
1.200000000000000030e-04
1.400000000000000148e-04
2.000000000000000096e-04
8.000000000000000654e-05
6.000000000000000830e-05
6.000000000000000830e-05
1.200000000000000030e-04
6.000000000000000830e-05
1.200000000000000030e-04
1.000000000000000048e-04
1.000000000000000048e-04
2.000000000000000164e-05
8.000000000000000654e-05
1.200000000000000166e-04
1.000000000000000048e-04
8.000000000000000654e-05
8.000000000000000654e-05
1.400000000000000148e-04
6.000000000000000830e-05
6.000000000000000830e-05
4.000000000000000327e-05
2.000000000000000164e-05
1.200000000000000030e-04
1.200000000000000030e-04
4.000000000000000327e-05
8.000000000000000654e-05
1.800000000000000113e-04
1.000000000000000048e-04
8.000000000000000654e-05
1.200000000000000030e-04
2.000000000000000096e-04
4.000000000000000327e-05
2.000000000000000096e-04
1.800000000000000113e-04
8.000000000000000654e-05
1.600000000000000131e-04
1.400000000000000148e-04
8.000000000000000654e-05
1.000000000000000048e-04
1.000000000000000048e-04
1.400000000000000148e-04
1.200000000000000030e-04
1.000000000000000048e-04
1.600000000000000131e-04
8.000000000000000654e-05
1.000000000000000048e-04
1.600000000000000131e-04
1.000000000000000048e-04
1.200000000000000030e-04
8.000000000000000654e-05
1.200000000000000166e-04
1.200000000000000030e-04
2.200000000000000078e-04
1.200000000000000030e-04
6.000000000000000830e-05
1.800000000000000113e-04
1.000000000000000048e-04
1.200000000000000030e-04
1.600000000000000131e-04
1.600000000000000131e-04
2.200000000000000078e-04
1.600000000000000131e-04
1.400000000000000148e-04
1.200000000000000030e-04
1.800000000000000113e-04
1.000000000000000048e-04
1.200000000000000030e-04
1.000000000000000048e-04
2.200000000000000078e-04
1.400000000000000148e-04
1.600000000000000131e-04
1.000000000000000048e-04
1.400000000000000148e-04
2.600000000000000314e-04
1.400000000000000148e-04
1.600000000000000131e-04
2.200000000000000078e-04
1.200000000000000030e-04
2.600000000000000314e-04
2.200000000000000078e-04
1.800000000000000113e-04
2.000000000000000096e-04
2.000000000000000096e-04
1.800000000000000113e-04
2.400000000000000061e-04
1.800000000000000113e-04
5.000000000000000104e-04
3.400000000000000244e-04
2.000000000000000096e-04
1.600000000000000131e-04
1.000000000000000048e-04
1.600000000000000131e-04
1.200000000000000030e-04
1.600000000000000131e-04
1.000000000000000048e-04
2.000000000000000096e-04
4.000000000000000327e-05
1.000000000000000048e-04
2.600000000000000314e-04
2.000000000000000096e-04
1.600000000000000131e-04
2.600000000000000314e-04
6.000000000000000830e-05
1.200000000000000030e-04
1.000000000000000048e-04
8.000000000000000654e-05
2.400000000000000061e-04
1.400000000000000148e-04
1.400000000000000148e-04
1.400000000000000148e-04
1.400000000000000148e-04
1.000000000000000048e-04
1.000000000000000048e-04
8.000000000000000654e-05
2.800000000000000297e-04
8.000000000000000654e-05
2.200000000000000078e-04
1.800000000000000113e-04
2.600000000000000314e-04
2.200000000000000078e-04
3.000000000000000279e-04
2.400000000000000061e-04
1.600000000000000131e-04
1.200000000000000030e-04
1.800000000000000113e-04
1.600000000000000131e-04
1.800000000000000113e-04
1.600000000000000131e-04
2.600000000000000314e-04
2.800000000000000297e-04
3.400000000000000244e-04
1.800000000000000113e-04
2.400000000000000061e-04
1.600000000000000131e-04
3.000000000000000279e-04
2.200000000000000078e-04
3.600000000000000227e-04
3.000000000000000279e-04
3.600000000000000227e-04
2.200000000000000078e-04
3.000000000000000279e-04
3.000000000000000279e-04
3.800000000000000209e-04
2.600000000000000314e-04
6.200000000000003252e-04
5.000000000000000104e-04
3.000000000000000279e-04
3.800000000000000209e-04
3.800000000000000209e-04
5.000000000000000104e-04
5.200000000000000629e-04
5.000000000000000104e-04
4.600000000000000139e-04
6.800000000000004825e-04
6.000000000000002727e-04
4.800000000000000122e-04
3.800000000000000209e-04
5.000000000000000104e-04
6.000000000000002727e-04
6.000000000000001643e-04
5.600000000000001678e-04
5.400000000000001153e-04
6.400000000000002692e-04
6.000000000000002727e-04
7.200000000000004790e-04
6.800000000000001573e-04
4.600000000000000139e-04
7.800000000000004196e-04
9.800000000000006189e-04
8.800000000000006819e-04
9.200000000000006783e-04
9.600000000000008917e-04
9.000000000000007343e-04
1.280000000000001189e-03
1.040000000000000776e-03
1.440000000000001175e-03
1.240000000000001084e-03
1.020000000000000941e-03
1.120000000000001203e-03
1.040000000000000776e-03
1.040000000000000776e-03
1.280000000000001406e-03
1.420000000000001339e-03
1.400000000000001287e-03
1.520000000000001818e-03
1.740000000000001528e-03
1.800000000000001685e-03
1.820000000000001738e-03
1.780000000000002067e-03
1.940000000000001836e-03
1.920000000000001567e-03
1.900000000000001948e-03
2.160000000000001762e-03
2.140000000000002577e-03
2.500000000000002220e-03
2.500000000000002654e-03
2.560000000000002812e-03
2.540000000000002759e-03
2.840000000000002245e-03
3.140000000000002598e-03
3.120000000000002979e-03
3.000000000000003532e-03
3.460000000000003871e-03
3.660000000000001794e-03
3.660000000000003962e-03
3.420000000000002465e-03
4.260000000000004235e-03
4.140000000000004787e-03
4.740000000000002892e-03
5.460000000000004780e-03
5.500000000000004018e-03
5.820000000000004857e-03
6.440000000000006483e-03
5.900000000000005067e-03
6.500000000000006641e-03
6.880000000000006770e-03
7.220000000000006794e-03
7.460000000000009159e-03
8.359999999999988968e-03
8.679999999999993276e-03
8.739999999999994301e-03
1.047999999999997892e-02
1.073999999999998047e-02
1.119999999999997560e-02
1.183999999999997381e-02
1.331999999999998810e-02
1.371999999999997874e-02
1.501999999999998302e-02
1.599999999999998299e-02
1.767999999999997698e-02
1.969999999999997448e-02
2.019999999999998880e-02
2.289999999999999675e-02
2.339999999999998678e-02
2.647999999999999660e-02
3.063999999999999016e-02
3.281999999999996032e-02
3.493999999999999884e-02