[
8.035602675236506662e-03,
3.214964521511565199e-02,
7.236384926334211987e-02,
1.287144779843795162e-01,
2.012524270132851067e-01,
2.900433524104725769e-01,
3.951678362542692113e-01,
5.167215906925736180e-01,
6.548157014703155365e-01,
8.095769121553839653e-01,
9.811479504996364343e-01,
1.169687898598262388e+00,
1.375372608752308157e+00,
1.598395167196298372e+00,
1.838966408129391716e+00,
2.097315480785499453e+00,
2.373690472601468482e+00,
2.668359091890904811e+00,
2.981609413815056620e+00,
3.313750693856976071e+00,
3.665114253465502792e+00,
4.036054443037563999e+00,
4.426949687962722813e+00,
4.838203624067359598e+00,
5.270246329475153146e+00,
5.723535660654745172e+00,
6.198558701263692683e+00,
6.695833333333345294e+00,
7.215909941381964288e+00,
7.759373261212252793e+00,
8.326844386457482372e+00,
8.918982947410937001e+00,
9.536489478327197844e+00,
1.018010799124883548e+01,
1.085062877651668600e+01,
1.154889145250731275e+01,
1.227578828984116299e+01,
1.303226783837693858e+01,
1.381933888880249128e+01,
1.463807480461986188e+01,
1.548961826488256754e+01,
1.637518646326617855e+01,
1.729607681505434513e+01,
1.825367323052748958e+01,
1.924945302121158974e+01,
2.028499451466231207e+01,
2.136198546415106847e+01,
2.248223235204950399e+01,
2.364767070020474549e+01,
2.486037651754574540e+01,
2.612257903503619261e+01,
2.743667490147276666e+01,
2.880524404121677051e+01,
3.023106740761607369e+01,
3.171714690468483511e+01,
3.326672779588128748e+01,
3.488332397420163034e+01,
3.657074653433992495e+01,
3.833313616791632228e+01,
4.017499999999999716e+01,
4.210125360345057999e+01,
4.411726907221821392e+01,
4.622893021239433864e+01,
4.844269612915828560e+01,
5.076567476006976420e+01,
5.320570824511457175e+01,
5.577147245087073202e+01,
5.847259350577487425e+01,
6.131978489002096211e+01,
6.432500950330118883e+01,
6.750167226919469954e+01,
7.086485031267639556e+01,
7.443156968632611381e+01,
7.822114018855862128e+01,
8.225556325033123528e+01,
8.656003250473459332e+01,
9.116355298949127928e+01,
9.609971369141328523e+01,
1.014076604090738556e+02,
1.071333333333333826e+02,
1.133310588730790727e+02,
1.200656221020203986e+02,
1.274150012367294664e+02,
1.354740294261495706e+02,
1.443593798348531152e+02,
1.542164788207700212e+02,
1.652292950759856751e+02,
1.776345342884740148e+02,
1.917427912667829446e+02,
2.079710843299928342e+02,
2.268947969016405750e+02,
2.493343767346424613e+02,
2.765081028990230152e+02,
3.103200417446011556e+02,
3.539518863295498932e+02,
4.132285714285713425e+02,
5.003314710760456023e+02,
6.468478845607760377e+02,
]
