[
1.740000000000001745e-03,
1.900000000000001948e-03,
1.560000000000001923e-03,
1.800000000000001685e-03,
2.040000000000001881e-03,
8.000000000000000654e-05,
8.000000000000000654e-05,
6.000000000000000830e-05,
1.400000000000000148e-04,
1.000000000000000048e-04,
1.000000000000000048e-04,
1.000000000000000048e-04,
8.000000000000000654e-05,
1.400000000000000148e-04,
2.600000000000000314e-04,
8.000000000000000654e-05,
1.200000000000000030e-04,
1.800000000000000113e-04,
1.600000000000000131e-04,
2.000000000000000096e-04,
3.200000000000000262e-04,
2.800000000000000297e-04,
3.000000000000000279e-04,
3.000000000000000279e-04,
3.600000000000000227e-04,
4.800000000000000122e-04,
8.400000000000004685e-04,
7.600000000000005839e-04,
1.080000000000000664e-03,
1.000000000000000454e-03,
1.280000000000001189e-03,
1.380000000000001451e-03,
2.140000000000002577e-03,
2.580000000000001997e-03,
3.260000000000002913e-03,
5.300000000000003493e-03,
6.280000000000006063e-03,
8.279999999999993962e-03,
1.169999999999997778e-02,
1.493999999999997760e-02,
2.077999999999997210e-02,
2.717999999999999583e-02,
3.653999999999997528e-02,
5.020000000000001544e-02,
6.102000000000002561e-02,
7.362000000000001876e-02,
8.329999999999995741e-02,
9.066000000000001835e-02,
8.601999999999995761e-02,
7.532000000000001194e-02,
5.981999999999998430e-02,
4.348000000000000476e-02,
2.671999999999999723e-02,
1.287999999999999735e-02,
5.919999999999999048e-03,
2.080000000000001119e-03,
4.400000000000000157e-04,
1.800000000000000113e-04,
0.000000000000000000e+00,
0.000000000000000000e+00,
0.000000000000000000e+00,
0.000000000000000000e+00,
0.000000000000000000e+00,
0.000000000000000000e+00,
0.000000000000000000e+00,
0.000000000000000000e+00,
0.000000000000000000e+00,
0.000000000000000000e+00,
0.000000000000000000e+00,
0.000000000000000000e+00,
0.000000000000000000e+00,
0.000000000000000000e+00,
0.000000000000000000e+00,
0.000000000000000000e+00,
0.000000000000000000e+00,
0.000000000000000000e+00,
0.000000000000000000e+00,
0.000000000000000000e+00,
0.000000000000000000e+00,
0.000000000000000000e+00,
0.000000000000000000e+00,
0.000000000000000000e+00,
0.000000000000000000e+00,
0.000000000000000000e+00,
0.000000000000000000e+00,
0.000000000000000000e+00,
0.000000000000000000e+00,
0.000000000000000000e+00,
0.000000000000000000e+00,
0.000000000000000000e+00,
0.000000000000000000e+00,
0.000000000000000000e+00,
0.000000000000000000e+00,
0.000000000000000000e+00,
0.000000000000000000e+00,
0.000000000000000000e+00,
0.000000000000000000e+00,
0.000000000000000000e+00,
]
