[
1.603620272525418944e-02,
6.415924841622644426e-02,
1.444124857420897023e-01,
2.568682830715028897e-01,
4.016282099761078750e-01,
5.788232925826916064e-01,
7.886143440369891566e-01,
1.031192371718160361e+00,
1.306779063232919702e+00,
1.615627353629319529e+00,
1.958022076697158553e+00,
2.334280703674317170e+00,
2.744754173160331323e+00,
3.189827816551667361e+00,
3.669922383864940407e+00,
4.185495175407029755e+00,
4.737041285396956347e+00,
5.325094964339846193e+00,
5.950231107719281987e+00,
6.613066879402191844e+00,
7.314263479068990215e+00,
8.054528063983489972e+00,
8.834615836525484767e+00,
9.655332310133180940e+00,
1.051753576765825748e+01,
1.142213992764142105e+01,
1.237011683568927367e+01,
1.336250000000002380e+01,
1.440038779216674492e+01,
1.548494713671916401e+01,
1.661741751547550905e+01,
1.779911531571056571e+01,
1.903143855444637822e+01,
2.031587201489421801e+01,
2.165399283527629848e+01,
2.304747659501614976e+01,
2.449810394867492391e+01,
2.600776786414115804e+01,
2.757848152855606116e+01,
2.921238699341375167e+01,
3.091176463937672025e+01,
3.267904355177015674e+01,
3.451681290969464300e+01,
3.642783450547706536e+01,
3.841505652708497820e+01,
4.048162875452521803e+01,
4.263091934258399363e+01,
4.486653338707078831e+01,
4.719233350065750443e+01,
4.961246265822601487e+01,
5.213136961130122415e+01,
5.475383721781155799e+01,
5.748501408847677396e+01,
6.033045001631906956e+01,
6.329613573324472497e+01,
6.638854762998833792e+01,
6.961469818622565242e+01,
7.298219299043442732e+01,
7.649929538923935013e+01,
8.017499999999999716e+01,
8.401911655648164867e+01,
8.804236584605091309e+01,
9.225648985136818681e+01,
9.667437864729970443e+01,
1.013102171471958428e+02,
1.061796554711153817e+02,
1.113000075606362316e+02,
1.166904837417672809e+02,
1.223724643075900644e+02,
1.283698229477827510e+02,
1.347093111184239831e+02,
1.414210173943704092e+02,
1.485389197162712094e+02,
1.561015535685796465e+02,
1.641528259762366417e+02,
1.727430144634000442e+02,
1.819300027612311794e+02,
1.917808225316505002e+02,
2.023735948549470436e+02,
2.138000000000000966e+02,
2.261684541418572394e+02,
2.396082452278652397e+02,
2.542749900225210808e+02,
2.703579417359437684e+02,
2.880899384756527297e+02,
3.077611994886182174e+02,
3.297388608019203389e+02,
3.544953027150816069e+02,
3.826503619119930590e+02,
4.150362585228916714e+02,
4.528012530575988421e+02,
4.975826671985055327e+02,
5.518117523317777113e+02,
6.192883471530403767e+02,
7.063619785058286880e+02,
8.246571428571427305e+02,
9.984835269078271267e+02,
1.290878136768144714e+03,
]
