[
1.780000000000001633e-03,
2.140000000000002144e-03,
1.400000000000001504e-03,
2.040000000000001881e-03,
1.880000000000001895e-03,
8.000000000000000654e-05,
4.000000000000000327e-05,
8.000000000000000654e-05,
4.000000000000000327e-05,
0.000000000000000000e+00,
6.000000000000000830e-05,
6.000000000000000830e-05,
6.000000000000000830e-05,
1.000000000000000048e-04,
8.000000000000000654e-05,
8.000000000000000654e-05,
4.000000000000000327e-05,
2.400000000000000061e-04,
1.600000000000000131e-04,
1.000000000000000183e-04,
2.000000000000000164e-05,
6.000000000000000830e-05,
4.000000000000000327e-05,
4.000000000000000327e-05,
1.000000000000000048e-04,
1.200000000000000166e-04,
1.200000000000000030e-04,
6.000000000000000830e-05,
1.000000000000000048e-04,
2.600000000000000314e-04,
1.000000000000000183e-04,
1.000000000000000048e-04,
4.000000000000000327e-05,
6.000000000000000830e-05,
2.400000000000000061e-04,
2.000000000000000096e-04,
1.400000000000000148e-04,
2.000000000000000096e-04,
2.000000000000000096e-04,
3.800000000000000209e-04,
2.400000000000000061e-04,
2.800000000000000297e-04,
2.800000000000000297e-04,
3.000000000000000279e-04,
3.400000000000000244e-04,
3.800000000000000209e-04,
7.400000000000006399e-04,
6.400000000000003776e-04,
7.400000000000005315e-04,
8.800000000000006819e-04,
5.000000000000000104e-04,
6.000000000000001643e-04,
7.600000000000003671e-04,
7.200000000000004790e-04,
1.020000000000000507e-03,
8.800000000000006819e-04,
1.220000000000001032e-03,
1.140000000000000822e-03,
1.660000000000001969e-03,
2.020000000000002262e-03,
2.220000000000001920e-03,
2.360000000000001420e-03,
2.780000000000002955e-03,
4.020000000000003605e-03,
4.640000000000002629e-03,
5.000000000000004441e-03,
6.020000000000005382e-03,
8.519999999999998061e-03,
9.859999999999981626e-03,
1.333999999999997861e-02,
1.631999999999998036e-02,
2.001999999999999960e-02,
2.632000000000000312e-02,
3.555999999999995276e-02,
4.460000000000002851e-02,
5.404000000000001858e-02,
6.764000000000003343e-02,
8.097999999999996867e-02,
9.117999999999998328e-02,
9.813999999999999113e-02,
1.001399999999999929e-01,
9.731999999999998985e-02,
8.262000000000001287e-02,
6.314000000000001556e-02,
4.199999999999999567e-02,
2.545999999999998958e-02,
1.138000000000000123e-02,
3.460000000000000402e-03,
1.220000000000000598e-03,
1.600000000000000131e-04,
2.000000000000000164e-05,
0.000000000000000000e+00,
0.000000000000000000e+00,
0.000000000000000000e+00,
0.000000000000000000e+00,
0.000000000000000000e+00,
0.000000000000000000e+00,
0.000000000000000000e+00,
]
