[
6.600000000000009505e-03,
2.260000000000002458e-03,
1.620000000000001430e-03,
1.820000000000002172e-03,
2.100000000000002472e-03,
6.000000000000000830e-05,
4.000000000000000327e-05,
4.000000000000000327e-05,
1.200000000000000030e-04,
1.000000000000000048e-04,
0.000000000000000000e+00,
4.000000000000000327e-05,
6.000000000000000830e-05,
6.000000000000000830e-05,
4.000000000000000327e-05,
2.000000000000000164e-05,
2.000000000000000164e-05,
6.000000000000000830e-05,
6.000000000000000830e-05,
4.000000000000000327e-05,
8.000000000000000654e-05,
4.000000000000000327e-05,
1.400000000000000148e-04,
6.000000000000000830e-05,
6.000000000000000830e-05,
1.400000000000000148e-04,
1.200000000000000030e-04,
1.600000000000000131e-04,
1.800000000000000113e-04,
2.000000000000000164e-05,
1.000000000000000048e-04,
2.000000000000000164e-05,
1.200000000000000030e-04,
1.200000000000000030e-04,
2.000000000000000164e-05,
4.000000000000000327e-05,
2.000000000000000096e-04,
1.000000000000000048e-04,
1.600000000000000131e-04,
1.800000000000000113e-04,
8.000000000000000654e-05,
1.400000000000000148e-04,
1.000000000000000048e-04,
1.400000000000000148e-04,
2.000000000000000096e-04,
2.200000000000000078e-04,
3.000000000000000279e-04,
2.400000000000000061e-04,
2.800000000000000297e-04,
2.400000000000000061e-04,
4.400000000000000157e-04,
1.200000000000000030e-04,
2.200000000000000078e-04,
3.400000000000000244e-04,
2.400000000000000061e-04,
2.600000000000000314e-04,
5.000000000000000104e-04,
4.400000000000000157e-04,
3.800000000000000209e-04,
5.000000000000000104e-04,
6.000000000000001643e-04,
6.400000000000003776e-04,
7.800000000000005280e-04,
8.200000000000006329e-04,
9.000000000000006259e-04,
1.240000000000001084e-03,
1.300000000000001241e-03,
1.540000000000001654e-03,
1.520000000000001385e-03,
1.900000000000001948e-03,
2.520000000000001839e-03,
2.520000000000002273e-03,
3.000000000000003098e-03,
3.840000000000004000e-03,
5.140000000000003941e-03,
6.180000000000006669e-03,
7.620000000000006976e-03,
9.419999999999982207e-03,
1.171999999999997523e-02,
1.503999999999998394e-02,
2.021999999999997064e-02,
2.751999999999999932e-02,
3.451999999999996738e-02,
4.393999999999997214e-02,
5.856000000000003564e-02,
7.283999999999996033e-02,
8.914000000000001089e-02,
9.967999999999994920e-02,
1.055399999999999811e-01,
9.953999999999997572e-02,
8.226000000000002754e-02,
5.202000000000000374e-02,
2.421999999999999154e-02,
6.860000000000000646e-03,
1.140000000000000605e-03,
6.000000000000000830e-05,
0.000000000000000000e+00,
0.000000000000000000e+00,
]
