[
5.350401283449324197e-04,
2.140642214074284233e-03,
4.818252564516245680e-03,
8.570285715201375956e-03,
1.340013048563877193e-02,
1.931215849901714993e-02,
2.631173520796938753e-02,
3.440523348108610879e-02,
4.360004981787415218e-02,
5.390462327356944361e-02,
6.532845718945930191e-02,
7.788214383946115427e-02,
9.157739211978654925e-02,
1.064270584256402780e-01,
1.224451808773148048e-01,
1.396470170778148501e-01,
1.580490856056982751e-01,
1.776692114700229308e-01,
1.985265757798450881e-01,
2.206417699083363104e-01,
2.440368544622332214e-01,
2.687354234007587883e-01,
2.947626736851346463e-01,
3.221454808806518133e-01,
3.509124811784949949e-01,
3.810941603547340906e-01,
4.127229502397107286e-01,
4.458333333333341364e-01,
4.804619562712322267e-01,
5.166477529245245837e-01,
5.544320780030805862e-01,
5.938588521300375289e-01,
6.349747194654700166e-01,
6.778292190812851281e-01,
7.224749714295490843e-01,
7.689678814052784972e-01,
8.173673596845079103e-01,
8.677365642229821763e-01,
9.201426640335199636e-01,
9.746571276255913130e-01,
1.031356038794296603e+00,
1.090320442793703215e+00,
1.151636726329069660e+00,
1.215397035262253400e+00,
1.281699734455283179e+00,
1.350649914790832185e+00,
1.422359953120201803e+00,
1.496950131717048604e+00,
1.574549324780278647e+00,
1.655295760657992998e+00,
1.739337869787724200e+00,
1.826835229905156455e+00,
1.917959621910513057e+00,
2.012896211957012849e+00,
2.111844877909942575e+00,
2.215021701405909926e+00,
2.322660650429106521e+00,
2.435015481751320099e+00,
2.552361897925978340e+00,
2.674999999999999822e+00,
2.803257084983952652e+00,
2.937490846750062001e+00,
3.078093050856375079e+00,
3.225493768400707228e+00,
3.380166272139057071e+00,
3.542632720738804419e+00,
3.713470785465568191e+00,
3.893321409531992128e+00,
4.082897936049933563e+00,
4.282996899099705601e+00,
4.494510848042210682e+00,
4.718443673588285314e+00,
4.955929033252578719e+00,
5.208252644788905705e+00,
5.476879444794923835e+00,
5.763486918485750898e+00,
6.070006328485106906e+00,
6.398674153690866007e+00,
6.752096866067768488e+00,
7.133333333333336412e+00,
7.546000808599539589e+00,
7.994412921540872574e+00,
8.483761750049813699e+00,
9.020361635717486948e+00,
9.611981109103474807e+00,
1.026830319466234620e+01,
1.100157720792188165e+01,
1.182756388852938301e+01,
1.276694378689842857e+01,
1.384748352415011396e+01,
1.510749425542970847e+01,
1.660160442477084075e+01,
1.841093155581547336e+01,
2.066225542418937522e+01,
2.356742491428863673e+01,
2.751428571428570891e+01,
3.331391873375039125e+01,
4.306952311636779029e+01,
]
