[
1.280446034255017240e-01,
5.122936932317775360e-01,
1.153093396444555996e+00,
2.051021554291230231e+00,
3.206889171455626464e+00,
4.621742454993758464e+00,
6.296865452995066725e+00,
8.233783306076373876e+00,
1.043426612790937646e+01,
1.290033353426441742e+01,
1.563425984346246977e+01,
1.863857997473908057e+01,
2.191609607487265876e+01,
2.546988490752682921e+01,
2.930330604416262119e+01,
3.342001090010845843e+01,
3.782395266453379179e+01,
4.251939717862502022e+01,
4.751093482237843801e+01,
5.280349347703521090e+01,
5.840235263751781503e+01,
6.431315875722646069e+01,
7.054194191640412726e+01,
7.709513391505468860e+01,
8.397958790222169512e+01,
9.120259966545491181e+01,
9.877193071764740750e+01,
1.066958333333335247e+02,
1.149830777031536684e+02,
1.236429813938159015e+02,
1.326854413217278932e+02,
1.421209684719053428e+02,
1.519607256201148573e+02,
1.622165683459296019e+02,
1.729010896579108589e+02,
1.840276685901398537e+02,
1.956105231723476265e+02,
2.076647682248402305e+02,
2.202064784851060608e+02,
2.332527576365282016e+02,
2.468218138822948902e+02,
2.609330427908258230e+02,
2.756071182346587989e+02,
2.908660923547712400e+02,
3.067335056093124308e+02,
3.232345081126059654e+02,
3.403959936406449174e+02,
3.582467478773688185e+02,
3.768176127069962149e+02,
3.961416686277497661e+02,
4.162544376790117440e+02,
4.371941096465545797e+02,
4.590017947501168578e+02,
4.817218065381609904e+02,
5.054019793330831476e+02,
5.300940253074871862e+02,
5.558539371545620043e+02,
5.827424433757576026e+02,
6.108255244877618679e+02,
6.401749999999999545e+02,
6.708691978989166955e+02,
7.029937206797087583e+02,
7.366423247970019474e+02,
7.719179339012796390e+02,
8.089338105669610286e+02,
8.478149166351267922e+02,
8.886994990973532822e+02,
9.317409470456609597e+02,
9.771099761535575681e+02,
1.024997211170524906e+03,
1.075616255007634436e+03,
1.129207356538086287e+03,
1.186041820135502576e+03,
1.246427340888873914e+03,
1.310714504138912389e+03,
1.379304761884716072e+03,
1.452660299565590094e+03,
1.531316346294971936e+03,
1.615896677097171278e+03,
1.707133333333334122e+03,
1.805891987904751659e+03,
1.913204968989692816e+03,
2.030314833023604024e+03,
2.158732714073062198e+03,
2.300317759446847049e+03,
2.457387288838492623e+03,
2.632872780965005859e+03,
2.830546060687588124e+03,
3.055356350944935002e+03,
3.313948697223476302e+03,
3.615491639241014127e+03,
3.973058733692588248e+03,
4.406062844390344253e+03,
4.944844622871189131e+03,
5.640103268973730337e+03,
6.584657142857141480e+03,
7.972612308552768809e+03,
1.030730166767130868e+04,
]
