[
4.200000000000004077e-03,
1.780000000000001633e-03,
1.700000000000001857e-03,
1.980000000000001724e-03,
1.980000000000001724e-03,
6.000000000000000830e-05,
0.000000000000000000e+00,
4.000000000000000327e-05,
2.000000000000000164e-05,
6.000000000000000830e-05,
6.000000000000000830e-05,
0.000000000000000000e+00,
2.000000000000000164e-05,
6.000000000000000830e-05,
1.000000000000000048e-04,
4.000000000000000327e-05,
4.000000000000000327e-05,
8.000000000000000654e-05,
4.000000000000000327e-05,
8.000000000000000654e-05,
2.000000000000000164e-05,
1.200000000000000030e-04,
8.000000000000000654e-05,
1.600000000000000131e-04,
6.000000000000000830e-05,
1.000000000000000048e-04,
4.000000000000000327e-05,
8.000000000000000654e-05,
2.000000000000000164e-05,
1.600000000000000131e-04,
2.000000000000000096e-04,
1.200000000000000030e-04,
1.200000000000000030e-04,
6.000000000000000830e-05,
4.000000000000000327e-05,
1.200000000000000030e-04,
2.000000000000000096e-04,
1.800000000000000113e-04,
8.000000000000000654e-05,
8.000000000000000654e-05,
1.000000000000000048e-04,
1.600000000000000131e-04,
1.000000000000000048e-04,
6.000000000000000830e-05,
1.600000000000000131e-04,
1.600000000000000131e-04,
1.200000000000000030e-04,
1.600000000000000131e-04,
1.400000000000000148e-04,
2.200000000000000078e-04,
2.000000000000000096e-04,
5.200000000000000629e-04,
1.000000000000000048e-04,
1.000000000000000048e-04,
2.200000000000000078e-04,
8.000000000000000654e-05,
2.200000000000000078e-04,
6.000000000000000830e-05,
2.800000000000000297e-04,
2.800000000000000297e-04,
2.400000000000000061e-04,
2.200000000000000078e-04,
3.400000000000000244e-04,
2.600000000000000314e-04,
2.400000000000000061e-04,
3.600000000000000227e-04,
3.000000000000000279e-04,
4.800000000000000122e-04,
5.600000000000001678e-04,
6.000000000000002727e-04,
6.600000000000003217e-04,
5.600000000000001678e-04,
9.400000000000008392e-04,
9.800000000000006189e-04,
1.120000000000000769e-03,
1.460000000000001227e-03,
1.700000000000001640e-03,
1.960000000000001238e-03,
2.560000000000002378e-03,
2.900000000000002836e-03,
3.280000000000003399e-03,
4.200000000000004077e-03,
5.280000000000005175e-03,
6.580000000000005983e-03,
8.479999999999989282e-03,
1.015999999999998675e-02,
1.377999999999998670e-02,
1.915999999999998607e-02,
2.615999999999998535e-02,
3.753999999999999698e-02,
5.172000000000000208e-02,
7.032000000000000750e-02,
9.471999999999997089e-02,
1.132599999999999718e-01,
1.086799999999999988e-01,
7.341999999999999915e-02,
2.234000000000000222e-02,
2.620000000000001234e-03,
]
