[
1.840000000000001790e-03,
1.460000000000001878e-03,
1.500000000000001332e-03,
1.420000000000001773e-03,
2.220000000000002353e-03,
6.000000000000000830e-05,
8.000000000000000654e-05,
1.000000000000000048e-04,
8.000000000000000654e-05,
1.400000000000000148e-04,
2.800000000000000297e-04,
2.600000000000000314e-04,
2.600000000000000314e-04,
4.800000000000000122e-04,
4.000000000000000192e-04,
6.400000000000003776e-04,
5.000000000000000104e-04,
9.000000000000006259e-04,
1.160000000000000874e-03,
1.380000000000001234e-03,
2.120000000000001657e-03,
3.420000000000003766e-03,
4.640000000000003497e-03,
5.900000000000003332e-03,
1.073999999999998567e-02,
1.375999999999998231e-02,
2.239999999999998936e-02,
3.119999999999998469e-02,
4.232000000000001733e-02,
5.578000000000000319e-02,
7.062000000000000222e-02,
8.067999999999997396e-02,
7.681999999999999940e-02,
6.106000000000003786e-02,
3.873999999999998278e-02,
1.745999999999999983e-02,
5.000000000000000104e-03,
7.200000000000001538e-04,
2.000000000000000164e-05,
0.000000000000000000e+00,
0.000000000000000000e+00,
0.000000000000000000e+00,
0.000000000000000000e+00,
0.000000000000000000e+00,
0.000000000000000000e+00,
0.000000000000000000e+00,
0.000000000000000000e+00,
0.000000000000000000e+00,
0.000000000000000000e+00,
0.000000000000000000e+00,
0.000000000000000000e+00,
0.000000000000000000e+00,
0.000000000000000000e+00,
0.000000000000000000e+00,
0.000000000000000000e+00,
0.000000000000000000e+00,
0.000000000000000000e+00,
0.000000000000000000e+00,
0.000000000000000000e+00,
0.000000000000000000e+00,
0.000000000000000000e+00,
0.000000000000000000e+00,
0.000000000000000000e+00,
0.000000000000000000e+00,
0.000000000000000000e+00,
0.000000000000000000e+00,
0.000000000000000000e+00,
0.000000000000000000e+00,
0.000000000000000000e+00,
0.000000000000000000e+00,
0.000000000000000000e+00,
0.000000000000000000e+00,
0.000000000000000000e+00,
0.000000000000000000e+00,
0.000000000000000000e+00,
0.000000000000000000e+00,
0.000000000000000000e+00,
0.000000000000000000e+00,
0.000000000000000000e+00,
0.000000000000000000e+00,
0.000000000000000000e+00,
0.000000000000000000e+00,
0.000000000000000000e+00,
0.000000000000000000e+00,
0.000000000000000000e+00,
0.000000000000000000e+00,
0.000000000000000000e+00,
0.000000000000000000e+00,
0.000000000000000000e+00,
0.000000000000000000e+00,
0.000000000000000000e+00,
0.000000000000000000e+00,
0.000000000000000000e+00,
0.000000000000000000e+00,
0.000000000000000000e+00,
0.000000000000000000e+00,
0.000000000000000000e+00,
0.000000000000000000e+00,
]
