[
1.660000000000001752e-03,
1.660000000000001535e-03,
2.080000000000001986e-03,
1.680000000000002021e-03,
1.840000000000002007e-03,
4.000000000000000327e-05,
1.400000000000000148e-04,
4.000000000000000327e-05,
8.000000000000000654e-05,
0.000000000000000000e+00,
1.000000000000000048e-04,
8.000000000000000654e-05,
8.000000000000000654e-05,
4.000000000000000327e-05,
6.000000000000000830e-05,
8.000000000000000654e-05,
6.000000000000000830e-05,
1.000000000000000048e-04,
1.400000000000000148e-04,
1.400000000000000148e-04,
8.000000000000000654e-05,
2.000000000000000096e-04,
2.000000000000000096e-04,
8.000000000000000654e-05,
2.200000000000000078e-04,
1.400000000000000148e-04,
1.800000000000000113e-04,
4.000000000000000192e-04,
3.000000000000000279e-04,
2.800000000000000297e-04,
3.200000000000000262e-04,
5.200000000000000629e-04,
7.000000000000002097e-04,
6.600000000000004301e-04,
6.800000000000004825e-04,
7.800000000000007448e-04,
9.400000000000008392e-04,
1.180000000000000927e-03,
1.260000000000001136e-03,
1.720000000000001692e-03,
2.040000000000001448e-03,
2.840000000000003112e-03,
3.560000000000003700e-03,
4.240000000000004182e-03,
5.080000000000003783e-03,
7.280000000000007819e-03,
9.119999999999985757e-03,
1.171999999999997870e-02,
1.567999999999998562e-02,
1.735999999999997614e-02,
2.255999999999997244e-02,
3.059999999999999179e-02,
3.785999999999999782e-02,
4.753999999999999199e-02,
5.976000000000002838e-02,
7.300000000000003708e-02,
8.517999999999997796e-02,
9.351999999999997815e-02,
9.541999999999994930e-02,
9.014000000000006729e-02,
8.101999999999996704e-02,
6.492000000000000548e-02,
4.735999999999999932e-02,
3.091999999999999263e-02,
1.991999999999998980e-02,
1.047999999999999973e-02,
4.340000000000000108e-03,
1.700000000000000989e-03,
3.200000000000000262e-04,
1.200000000000000166e-04,
1.200000000000000030e-04,
0.000000000000000000e+00,
0.000000000000000000e+00,
0.000000000000000000e+00,
0.000000000000000000e+00,
0.000000000000000000e+00,
0.000000000000000000e+00,
0.000000000000000000e+00,
0.000000000000000000e+00,
0.000000000000000000e+00,
0.000000000000000000e+00,
0.000000000000000000e+00,
0.000000000000000000e+00,
0.000000000000000000e+00,
0.000000000000000000e+00,
0.000000000000000000e+00,
0.000000000000000000e+00,
0.000000000000000000e+00,
0.000000000000000000e+00,
0.000000000000000000e+00,
0.000000000000000000e+00,
0.000000000000000000e+00,
0.000000000000000000e+00,
0.000000000000000000e+00,
0.000000000000000000e+00,
0.000000000000000000e+00,
0.000000000000000000e+00,
0.000000000000000000e+00,
]
