[
1.660000000000001969e-03,
1.940000000000001836e-03,
1.960000000000001238e-03,
2.080000000000002420e-03,
2.020000000000001829e-03,
1.200000000000000030e-04,
6.000000000000000830e-05,
8.000000000000000654e-05,
6.000000000000000830e-05,
4.000000000000000327e-05,
1.200000000000000030e-04,
1.000000000000000048e-04,
8.000000000000000654e-05,
0.000000000000000000e+00,
4.000000000000000327e-05,
6.000000000000000830e-05,
1.400000000000000148e-04,
1.200000000000000166e-04,
6.000000000000000830e-05,
1.800000000000000113e-04,
1.400000000000000148e-04,
1.000000000000000048e-04,
1.800000000000000113e-04,
1.600000000000000131e-04,
1.400000000000000148e-04,
1.000000000000000048e-04,
1.200000000000000030e-04,
2.000000000000000096e-04,
1.200000000000000030e-04,
2.000000000000000096e-04,
1.200000000000000030e-04,
2.400000000000000061e-04,
2.800000000000000297e-04,
3.400000000000000244e-04,
2.000000000000000096e-04,
4.000000000000000192e-04,
4.000000000000000192e-04,
4.800000000000000122e-04,
4.600000000000000139e-04,
4.600000000000000139e-04,
4.000000000000000192e-04,
7.000000000000005350e-04,
6.600000000000004301e-04,
1.020000000000000941e-03,
1.220000000000001248e-03,
1.380000000000001018e-03,
1.120000000000000986e-03,
1.640000000000001483e-03,
1.460000000000001661e-03,
1.460000000000001227e-03,
2.120000000000001657e-03,
2.600000000000002049e-03,
2.720000000000002797e-03,
3.640000000000003910e-03,
4.540000000000004969e-03,
6.500000000000005773e-03,
7.740000000000009026e-03,
8.839999999999990227e-03,
1.149999999999997725e-02,
1.545999999999998417e-02,
1.773999999999998148e-02,
2.285999999999997409e-02,
3.102000000000000243e-02,
3.807999999999997498e-02,
4.828000000000000347e-02,
5.884000000000000341e-02,
7.486000000000000987e-02,
8.459999999999995302e-02,
9.254000000000003889e-02,
9.578000000000003178e-02,
9.451999999999999291e-02,
8.743999999999993444e-02,
7.428000000000005432e-02,
5.820000000000000173e-02,
4.168000000000001565e-02,
2.550000000000000183e-02,
1.430000000000000195e-02,
6.960000000000002643e-03,
2.560000000000000209e-03,
9.200000000000004615e-04,
1.600000000000000131e-04,
0.000000000000000000e+00,
2.000000000000000164e-05,
0.000000000000000000e+00,
0.000000000000000000e+00,
0.000000000000000000e+00,
0.000000000000000000e+00,
0.000000000000000000e+00,
0.000000000000000000e+00,
0.000000000000000000e+00,
0.000000000000000000e+00,
0.000000000000000000e+00,
0.000000000000000000e+00,
0.000000000000000000e+00,
0.000000000000000000e+00,
0.000000000000000000e+00,
0.000000000000000000e+00,
0.000000000000000000e+00,
]
